Annee	Port	Mois	Region	Saison	Effort	C.Thiof
1974	11	2	1	1	1389	2366
1974	11	3	1	1	708	1676.4
1974	11	4	1	1	1250	5969.4
1974	11	5	1	1	4701	7003.6
1974	11	6	1	2	8472	10785.7
1974	11	7	1	2	3778	6802.6
1974	11	8	1	2	1864	4191.5
1974	11	9	1	2	1863	3948.5
1974	11	10	1	2	1977	6791.9
1974	11	11	1	1	1193	9536.9
1974	11	12	1	1	1176	29851
1974	31	1	3	1	4089	256632.1
1974	31	2	3	1	6311	73030
1974	31	3	3	1	5377	10166.9
1974	31	4	3	1	7305	19472.7
1974	31	5	3	1	7395	114310.6
1974	31	6	3	2	2810	73561
1974	31	7	3	2	2055	14370.1
1974	31	8	3	2	116	727.6
1974	31	12	3	1	2450	37507.8
1975	11	1	1	1	2014	17776.4
1975	11	2	1	1	1638	3016.3
1975	11	3	1	1	1801	2955.5
1975	11	4	1	1	1813	6478.8
1975	11	5	1	1	3489	1982.2
1975	11	6	1	2	8267	17205.1
1975	11	7	1	2	3778	6983.7
1975	11	8	1	2	1738	2691.9
1975	11	9	1	2	1404	852
1975	11	10	1	2	632	322.7
1975	11	11	1	1	839	12815.1
1975	11	12	1	1	1007	4002.4
1975	31	1	3	1	5816	170974.6
1975	31	2	3	1	8451	289465.7
1975	31	3	3	1	9529	132136.1
1975	31	4	3	1	8267	120133.5
1975	31	5	3	1	8585	123865.6
1975	31	6	3	2	3666	184028.9
1975	31	7	3	2	2458	33908.4
1975	31	8	3	2	1584	5374.6
1975	31	9	3	2	2060	3724.6
1975	31	10	3	2	2292	1707.5
1975	31	11	3	1	2858	4975.7
1975	31	12	3	1	3183	26982.9
1976	11	1	1	1	1435	12618.7
1976	11	2	1	1	507	6097.2
1976	11	3	1	1	1162	6214.5
1976	11	4	1	1	1809	8268.9
1976	11	5	1	1	2237	6701.8
1976	11	6	1	2	7161	32769.4
1976	11	7	1	2	3267	5400.7
1976	11	8	1	2	813	1158.1
1976	11	9	1	2	391	291.7
1976	11	10	1	2	489	3627.8
1976	11	11	1	1	667	5161.2
1976	11	12	1	1	707	6277.7
1976	31	1	3	1	5521	73613.1
1976	31	2	3	1	8453	130214.1
1976	31	3	3	1	11463	100862.3
1976	31	4	3	1	9174	95392.1
1976	31	5	3	1	8450	56035.7
1976	31	6	3	2	3003	36132.6
1976	31	7	3	2	1764	7489.3
1976	31	8	3	2	1236	3225.5
1976	31	9	3	2	1395	1016.1
1976	31	10	3	2	1569	1316.4
1976	31	11	3	1	2206	3587.6
1976	31	12	3	1	3612	239441.2
1976	43	1	4	1	1312	19949.9
1976	43	2	4	1	1877	19688.8
1976	43	3	4	1	1890	12018.8
1976	43	4	4	1	1602	12334.4
1976	43	5	4	1	1524	9670.6
1976	43	6	4	2	1460	2994.4
1976	43	7	4	2	2465	4073.7
1976	43	8	4	2	3087	4494.2
1976	43	9	4	2	2182	6909.8
1976	43	10	4	2	2187	3611.3
1976	43	11	4	1	2031	3067
1976	43	12	4	1	1499	22543
1977	11	1	1	1	2004	14357.1
1977	11	2	1	1	1993	7850.9
1977	11	3	1	1	1767	9150.9
1977	11	4	1	1	2460	14480.1
1977	11	5	1	1	3741	11648.6
1977	11	6	1	2	5896	10865.6
1977	11	7	1	2	1944	4815.6
1977	11	8	1	2	1232	3100.1
1977	11	9	1	2	1086	4546.3
1977	11	10	1	2	545	1726.8
1977	11	11	1	1	397	2279.6
1977	11	12	1	1	998	42651.6
1977	31	1	3	1	4642	179501.7
1977	31	2	3	1	7908	77816
1977	31	3	3	1	13229	63212.9
1977	31	4	3	1	10377	76261
1977	31	5	3	1	8745	75136.3
1977	31	6	3	2	2351	39101.2
1977	31	7	3	2	1061	9223.8
1977	31	8	3	2	699	2607.7
1977	31	9	3	2	631	593.1
1977	31	10	3	2	716	1819.3
1977	31	11	3	1	1586	14098.5
1977	31	12	3	1	4058	225832.7
1977	43	1	4	1	1968	26405.8
1977	43	2	4	1	1998	19313.1
1977	43	3	4	1	2036	18139
1977	43	4	4	1	2026	9646.4
1977	43	5	4	1	2028	3782.2
1977	43	6	4	2	1975	4309.8
1977	43	7	4	2	2230	4891.3
1977	43	8	4	2	2891	4493.2
1977	43	9	4	2	2645	530.5
1977	43	10	4	2	2688	3487.2
1977	43	11	4	1	2384	13219.6
1977	43	12	4	1	2026	35538.3
1978	11	1	1	1	1523	25484.9
1978	11	2	1	1	1059	5669.4
1978	11	3	1	1	825	8517.2
1978	11	4	1	1	1044	8721.9
1978	11	5	1	1	2386	5860.9
1978	11	6	1	2	1640	7351.3
1978	11	7	1	2	524	2254.1
1978	11	8	1	2	530	2511.9
1978	11	9	1	2	611	493
1978	11	10	1	2	725	836.9
1978	11	11	1	1	494	927.6
1978	11	12	1	1	553	3092.2
1978	31	1	3	1	9380	133329.8
1978	31	2	3	1	10332	97316.7
1978	31	3	3	1	15365	194525.7
1978	31	4	3	1	10985	30660.2
1978	31	5	3	1	10222	37733.8
1978	31	6	3	2	4227	22575.8
1978	31	7	3	2	1073	5838.4
1978	31	8	3	2	1213	3246.5
1978	31	9	3	2	1524	1758.6
1978	31	10	3	2	942	1601.5
1978	31	11	3	1	985	443.5
1978	31	12	3	1	1267	8746.9
1978	43	1	4	1	2019	17399
1978	43	2	4	1	2017	26222.5
1978	43	3	4	1	2041	17696.3
1978	43	4	4	1	1848	2054
1978	43	5	4	1	2085	4749.2
1978	43	6	4	2	2339	4297.8
1978	43	7	4	2	2402	1150.9
1978	43	8	4	2	2400	3841.1
1978	43	9	4	2	2092	6048
1978	43	10	4	2	2431	6174.3
1978	43	11	4	1	2014	1283.4
1978	43	12	4	1	2290	30043.7
1979	11	1	1	1	1220	17625.5
1979	11	2	1	1	341	3459.3
1979	11	3	1	1	1089	8096.9
1979	11	4	1	1	1370	6510.5
1979	11	5	1	1	4119	18319.4
1979	11	6	1	2	3360	9356.3
1979	11	7	1	2	1544	3569.1
1979	11	8	1	2	1936	2560.9
1979	11	9	1	2	2267	3803.4
1979	11	10	1	2	2171	4569.3
1979	11	11	1	1	1395	1380.6
1979	11	12	1	1	820	6259.1
1979	31	1	3	1	2994	110246.7
1979	31	2	3	1	4688	187551.6
1979	31	3	3	1	7412	57350
1979	31	4	3	1	8417	39468.2
1979	31	5	3	1	9311	55036.9
1979	31	6	3	2	6810	31807.1
1979	31	7	3	2	3248	7891.1
1979	31	8	3	2	2655	4329.1
1979	31	9	3	2	828	1170.7
1979	31	10	3	2	648	1234.9
1979	31	11	3	1	346	408.5
1979	31	12	3	1	1469	15685.2
1979	41	1	4	1	1602	8712.5
1979	41	2	4	1	1430	22843.2
1979	41	3	4	1	1798	9054
1979	41	4	4	1	1223	4930.5
1979	41	5	4	1	629	1502.7
1979	41	6	4	2	644	1329.9
1979	41	7	4	2	1005	1177.7
1979	41	8	4	2	815	1139.4
1979	41	9	4	2	797	436.5
1979	41	10	4	2	493	213.6
1979	41	11	4	1	893	1152
1979	41	12	4	1	1134	7136
1979	43	1	4	1	2443	28667.9
1979	43	2	4	1	1458	15467.7
1979	43	3	4	1	1821	15692.5
1979	43	4	4	1	1655	9722.4
1979	43	5	4	1	1416	7931.5
1979	43	6	4	2	1405	4296.7
1979	43	7	4	2	1497	2133
1979	43	8	4	2	2129	3314.2
1979	43	9	4	2	1787	5127.4
1979	43	10	4	2	2023	2543.3
1979	43	11	4	1	1386	3915.7
1979	43	12	4	1	1657	15422.6
1980	11	1	1	1	693	5924.4
1980	11	2	1	1	956	4840.1
1980	11	3	1	1	1178	9221.2
1980	11	4	1	1	2170	18259.5
1980	11	5	1	1	5047	13166.9
1980	11	6	1	2	6342	9846.2
1980	11	7	1	2	4246	15998.2
1980	11	8	1	2	1532	6943.8
1980	11	9	1	2	685	2733.1
1980	11	10	1	2	447	2975
1980	11	11	1	1	715	6728.5
1980	11	12	1	1	1189	20887
1980	31	1	3	1	4651	46116.2
1980	31	2	3	1	6357	55246.7
1980	31	3	3	1	6580	21182.4
1980	31	4	3	1	6227	41866.3
1980	31	5	3	1	5563	49880.3
1980	31	6	3	2	3695	43993.2
1980	31	7	3	2	4275	26434.7
1980	31	8	3	2	4400	5045.2
1980	31	9	3	2	2574	14754
1980	31	10	3	2	1258	4806.1
1980	31	11	3	1	1536	23008.8
1980	31	12	3	1	2710	73116.4
1980	41	1	4	1	1795	10922.4
1980	41	2	4	1	1967	13831.3
1980	41	3	4	1	2182	24016
1980	41	4	4	1	2376	13459.2
1980	41	5	4	1	1362	4111.7
1980	41	6	4	2	996	3650.2
1980	41	7	4	2	1329	4714.1
1980	41	8	4	2	1370	316.9
1980	41	9	4	2	1064	375.8
1980	41	10	4	2	1012	194.1
1980	41	11	4	1	846	920.5
1980	41	12	4	1	1446	19591.2
1980	43	1	4	1	1528	10454.3
1980	43	2	4	1	1453	5750.4
1980	43	3	4	1	1535	10007.8
1980	43	4	4	1	1291	11142.9
1980	43	5	4	1	1306	4440.1
1980	43	6	4	2	1041	2435.6
1980	43	7	4	2	1358	3810.4
1980	43	8	4	2	1166	1377.8
1980	43	9	4	2	1236	632
1980	43	10	4	2	1175	903.2
1980	43	11	4	1	1165	2336.6
1980	43	12	4	1	1515	15640
1981	11	1	1	1	1815	30725.9
1981	11	2	1	1	1684	15674.7
1981	11	3	1	1	1837	10492.6
1981	11	4	1	1	3677	28642.5
1981	11	5	1	1	4853	22496.7
1981	11	6	1	2	5327	37461.2
1981	11	7	1	2	5570	5616
1981	11	8	1	2	2074	2619.5
1981	11	9	1	2	1057	814.7
1981	11	10	1	2	637	167.1
1981	11	11	1	1	1511	1065.4
1981	11	12	1	1	1098	10931.4
1981	31	1	3	1	3645	29969.6
1981	31	2	3	1	4455	46086.4
1981	31	3	3	1	10404	246293.9
1981	31	4	3	1	8811	162593.8
1981	31	5	3	1	8867	78843.3
1981	31	6	3	2	4558	52059.7
1981	31	7	3	2	3678	9669.8
1981	31	8	3	2	1963	6083.7
1981	31	9	3	2	2293	1762.8
1981	31	10	3	2	1720	4151.2
1981	31	11	3	1	2311	1351.2
1981	31	12	3	1	3181	9359.4
1981	41	1	4	1	1913	15615.7
1981	41	2	4	1	1531	20422.1
1981	41	3	4	1	1839	32073.7
1981	41	4	4	1	1939	7901.2
1981	41	5	4	1	2142	4683.7
1981	41	6	4	2	1165	8699.8
1981	41	7	4	2	1576	4375.2
1981	41	8	4	2	1525	1112.3
1981	41	9	4	2	1382	456.1
1981	41	10	4	2	1414	811.6
1981	41	11	4	1	1392	1586
1981	41	12	4	1	1349	3234.2
1981	43	1	4	1	1685	9733.8
1981	43	2	4	1	1314	9207.2
1981	43	3	4	1	1138	14065.2
1981	43	4	4	1	1365	24920.4
1981	43	5	4	1	1720	11991.9
1981	43	6	4	2	1882	15423.5
1981	43	7	4	2	2304	11579
1981	43	8	4	2	1908	3895.6
1981	43	9	4	2	2289	2814.3
1981	43	10	4	2	1648	2414
1981	43	11	4	1	1730	14282.5
1981	43	12	4	1	2457	25209.5
1981	44	2	4	1	6	5.5
1981	44	3	4	1	33	133
1981	44	4	4	1	162	518.9
1981	44	6	4	2	109	322.2
1981	44	7	4	2	476	420.5
1981	44	8	4	2	320	2700.8
1981	44	9	4	2	397	182.1
1981	44	10	4	2	91	234.1
1981	44	11	4	1	38	58.9
1981	51	3	5	1	2211	12336.5
1981	51	4	5	1	2468	11092.3
1981	51	5	5	1	2221	46051
1981	51	6	5	2	2210	29311.3
1981	51	7	5	2	2795	12890.8
1981	51	8	5	2	2448	15709.9
1981	51	9	5	2	2630	17710.5
1981	51	10	5	2	1649	10614.7
1981	51	11	5	1	2237	24677.1
1981	51	12	5	1	2734	10214.3
1982	11	1	1	1	1497	14999
1982	11	2	1	1	1530	8731.7
1982	11	3	1	1	1396	10093.1
1982	11	4	1	1	1640	8596
1982	11	5	1	1	4145	11524
1982	11	6	1	2	3363	10515.7
1982	11	7	1	2	2084	8006.9
1982	11	8	1	2	156	56.2
1982	11	9	1	2	231	29.7
1982	11	10	1	2	1413	1296.9
1982	11	11	1	1	1077	5812.3
1982	11	12	1	1	1013	4392.7
1982	31	1	3	1	4687	132261
1982	31	2	3	1	6668	81000.3
1982	31	3	3	1	8858	58583.1
1982	31	4	3	1	8975	53385.7
1982	31	5	3	1	7714	74892
1982	31	6	3	2	4414	53200.7
1982	31	7	3	2	3297	10907.2
1982	31	8	3	2	3255	6998.2
1982	31	9	3	2	2666	3673.8
1982	31	10	3	2	2148	1971.4
1982	31	11	3	1	2490	7681.2
1982	31	12	3	1	2131	15599.6
1982	41	1	4	1	1352	33500.5
1982	41	2	4	1	2211	19826
1982	41	3	4	1	2785	13477.3
1982	41	4	4	1	3034	7917.7
1982	41	5	4	1	2920	5033
1982	41	6	4	2	2050	3226.4
1982	41	7	4	2	1727	2295.9
1982	41	8	4	2	1385	1373.5
1982	41	9	4	2	1481	228.2
1982	41	10	4	2	721	55.8
1982	41	11	4	1	1852	2044.2
1982	41	12	4	1	1329	14770.5
1982	42	1	4	1	362	9371.7
1982	42	2	4	1	616	25090.2
1982	42	3	4	1	702	21232.4
1982	42	4	4	1	388	12842.9
1982	42	5	4	1	390	5044.3
1982	42	6	4	2	353	5589.9
1982	42	7	4	2	484	2829.3
1982	42	8	4	2	550	1186.8
1982	42	9	4	2	530	486.8
1982	42	10	4	2	150	12.9
1982	42	11	4	1	261	592.9
1982	42	12	4	1	455	7403.5
1982	43	1	4	1	2103	11367.9
1982	43	2	4	1	1658	13153.8
1982	43	3	4	1	2282	13687.8
1982	43	4	4	1	2170	9593.5
1982	43	5	4	1	2439	12510.6
1982	43	6	4	2	2006	5805.9
1982	43	7	4	2	2395	7126.4
1982	43	8	4	2	2395	442.8
1982	43	9	4	2	1952	1591
1982	43	10	4	2	2093	2653.5
1982	43	11	4	1	2447	23482.8
1982	43	12	4	1	2486	24471
1982	44	1	4	1	93	413.2
1982	44	3	4	1	54	1619.5
1982	44	6	4	2	1299	2532.5
1982	44	7	4	2	1186	1212.5
1982	44	8	4	2	1107	870.7
1982	44	9	4	2	1108	3303
1982	44	10	4	2	201	1030.6
1982	44	11	4	1	301	1642.2
1982	44	12	4	1	253	1249.4
1982	51	1	5	1	1778	19555.9
1982	51	2	5	1	2468	15472.5
1982	51	3	5	1	2338	14447.1
1982	51	4	5	1	1746	44581.4
1982	51	5	5	1	1783	64381.7
1982	51	6	5	2	1327	19137.7
1982	51	7	5	2	2444	3132
1982	51	8	5	2	3543	8688.6
1982	51	9	5	2	3137	8186.3
1982	51	10	5	2	2987	7631.9
1982	51	11	5	1	3253	15331.4
1982	51	12	5	1	3255	8509.3
1982	52	7	5	2	831	5310.5
1982	52	8	5	2	1456	2244.5
1982	52	9	5	2	2333	5725.3
1982	52	10	5	2	852	6132.9
1982	52	11	5	1	1074	18310.4
1982	52	12	5	1	1178	21377.5
1983	11	1	1	1	1476	26138
1983	11	2	1	1	1607	10511.9
1983	11	3	1	1	2710	8544.1
1983	11	4	1	1	1549	2123
1983	11	5	1	1	1911	12006.4
1983	11	6	1	2	2303	10961.8
1983	11	7	1	2	571	14951.8
1983	11	8	1	2	186	148.1
1983	11	9	1	2	600	37.7
1983	11	10	1	2	816	10065.1
1983	11	11	1	1	871	1702.3
1983	11	12	1	1	754	2310
1983	31	1	3	1	4127	76274.8
1983	31	2	3	1	4915	46353.9
1983	31	3	3	1	5926	59319.2
1983	31	4	3	1	6163	36657.6
1983	31	5	3	1	7439	61085
1983	31	6	3	2	3881	30387.3
1983	31	7	3	2	2651	11316.7
1983	31	8	3	2	3109	5752.7
1983	31	9	3	2	2775	1056.2
1983	31	10	3	2	2876	3392.1
1983	31	11	3	1	2801	3917.5
1983	31	12	3	1	3570	19711
1983	41	1	4	1	2197	9925.2
1983	41	2	4	1	2123	8329
1983	41	3	4	1	2426	15000.9
1983	41	4	4	1	2547	17808.7
1983	41	5	4	1	2399	5335.9
1983	41	6	4	2	1736	4910
1983	41	7	4	2	1629	2046.1
1983	41	8	4	2	1623	625
1983	41	9	4	2	1549	914.4
1983	41	10	4	2	1493	157.7
1983	41	11	4	1	752	28.6
1983	41	12	4	1	1251	3625.5
1983	42	1	4	1	350	3933
1983	42	2	4	1	531	8081
1983	42	3	4	1	518	5615.8
1983	42	4	4	1	390	5331.1
1983	42	5	4	1	274	5226.8
1983	42	6	4	2	589	2352.2
1983	42	7	4	2	812	1375.7
1983	42	8	4	2	251	150.9
1983	42	10	4	2	363	47.7
1983	42	11	4	1	238	111.2
1983	42	12	4	1	550	3531.8
1983	43	1	4	1	3323	1545.8
1983	43	2	4	1	2855	19001.1
1983	43	3	4	1	3627	14626.7
1983	43	4	4	1	2978	26954.7
1983	43	5	4	1	2601	12720.6
1983	43	6	4	2	2710	6163.9
1983	43	7	4	2	2308	5672.8
1983	43	8	4	2	2934	3721.3
1983	43	9	4	2	2342	1441.9
1983	43	10	4	2	3146	2281.6
1983	43	11	4	1	1986	11464.5
1983	43	12	4	1	1930	8567.7
1983	44	1	4	1	321	889.6
1983	44	2	4	1	398	816.2
1983	44	3	4	1	336	640.9
1983	44	4	4	1	266	859.4
1983	44	5	4	1	780	1459.7
1983	44	6	4	2	1613	2804.9
1983	44	7	4	2	998	1164.9
1983	44	8	4	2	1155	1573.8
1983	44	9	4	2	311	1009.4
1983	44	10	4	2	335	1217.9
1983	44	11	4	1	302	1818.4
1983	44	12	4	1	328	1540.5
1983	51	1	5	1	3350	10352.9
1983	51	2	5	1	2948	9397.1
1983	51	3	5	1	3588	10287.4
1983	51	4	5	1	2700	11323.2
1983	51	5	5	1	1726	6518
1983	51	6	5	2	1803	12561.7
1983	51	7	5	2	2687	9110.3
1983	51	8	5	2	3253	9912.6
1983	51	9	5	2	2449	15298.6
1983	51	10	5	2	2695	16932.4
1983	51	11	5	1	3265	15846.6
1983	51	12	5	1	3313	12213.1
1983	52	1	5	1	1392	24971.9
1983	52	2	5	1	1836	9789.7
1983	52	3	5	1	2080	10641.5
1983	52	4	5	1	1937	7302.1
1983	52	5	5	1	1634	14122.8
1983	52	6	5	2	1070	9997.6
1983	52	7	5	2	790	5809.7
1983	52	8	5	2	1216	7853.2
1983	52	9	5	2	749	4007.3
1983	52	10	5	2	1112	15628.7
1983	52	11	5	1	1605	22203
1983	52	12	5	1	1371	21044.1
1984	11	1	1	1	1523	30503.6
1984	11	2	1	1	1609	21670.5
1984	11	3	1	1	1074	10017
1984	11	4	1	1	631	4163.8
1984	11	5	1	1	1450	11524.9
1984	11	6	1	2	2310	15319.9
1984	11	7	1	2	295	1265.5
1984	11	8	1	2	250	191
1984	11	9	1	2	386	276.3
1984	11	10	1	2	554	2910.9
1984	11	11	1	1	476	1546.9
1984	11	12	1	1	901	3484.6
1984	31	1	3	1	5185	234265.5
1984	31	2	3	1	5927	94817.6
1984	31	3	3	1	6450	59939.2
1984	31	4	3	1	7293	44053.3
1984	31	5	3	1	6448	60141.4
1984	31	6	3	2	3576	39250.3
1984	31	7	3	2	2805	22446.5
1984	31	8	3	2	2119	3867.7
1984	31	9	3	2	1434	2958.6
1984	31	10	3	2	1856	2235.3
1984	31	11	3	1	1599	4482
1984	31	12	3	1	2161	36421.5
1984	41	1	4	1	2010	51329.4
1984	41	2	4	1	3024	22968.6
1984	41	3	4	1	3605	17227.9
1984	41	4	4	1	2653	9859.6
1984	41	5	4	1	2692	26471.5
1984	41	6	4	2	2581	30007.6
1984	41	7	4	2	1781	1693.9
1984	41	8	4	2	1903	942.7
1984	41	9	4	2	1039	2189.6
1984	41	10	4	2	2498	508.5
1984	41	11	4	1	2177	710.8
1984	41	12	4	1	1436	17381.6
1984	42	1	4	1	587	12579.7
1984	42	2	4	1	655	11567.6
1984	42	3	4	1	578	9966.4
1984	42	4	4	1	804	3898.8
1984	42	5	4	1	392	3416
1984	42	6	4	2	486	1184.9
1984	42	7	4	2	465	456.5
1984	42	8	4	2	415	399
1984	42	10	4	2	215	224.6
1984	42	11	4	1	351	135.7
1984	42	12	4	1	447	7997.3
1984	43	1	4	1	3093	38236.4
1984	43	2	4	1	2861	27607.4
1984	43	3	4	1	3023	27285.1
1984	43	4	4	1	2444	23431.4
1984	43	5	4	1	2912	13469.2
1984	43	6	4	2	3040	17138.3
1984	43	7	4	2	2482	2656.4
1984	43	8	4	2	3026	908.8
1984	43	9	4	2	1226	92.3
1984	43	10	4	2	2654	2564.1
1984	43	11	4	1	2393	10441.7
1984	43	12	4	1	2568	10281.7
1984	44	1	4	1	366	747.4
1984	44	2	4	1	398	1455.4
1984	44	3	4	1	357	715.2
1984	44	4	4	1	309	611.4
1984	44	5	4	1	944	1869.7
1984	44	6	4	2	1683	4421.5
1984	44	7	4	2	1181	1698.8
1984	44	8	4	2	1116	1584.6
1984	44	9	4	2	173	176.9
1984	44	10	4	2	111	241.9
1984	44	11	4	1	342	451.5
1984	44	12	4	1	285	370
1984	51	1	5	1	3091	17644.9
1984	51	2	5	1	3340	14245.3
1984	51	3	5	1	3287	26083.6
1984	51	4	5	1	2687	13440.1
1984	51	5	5	1	2413	7400.9
1984	51	6	5	2	2539	4087.9
1984	51	7	5	2	2971	5641.5
1984	51	8	5	2	3456	5514
1984	51	9	5	2	2240	4646.8
1984	51	10	5	2	2641	2377.5
1984	51	11	5	1	3113	8143.9
1984	51	12	5	1	3167	13660.5
1984	52	1	5	1	996	7455.9
1984	52	2	5	1	1028	2860.3
1984	52	3	5	1	1556	11377.1
1984	52	4	5	1	2010	30037.3
1984	52	5	5	1	2243	30212.2
1984	52	6	5	2	1486	14158.6
1984	52	7	5	2	1822	6993.4
1984	52	8	5	2	2078	9119.3
1984	52	9	5	2	1429	20482
1984	52	10	5	2	2051	20398.6
1984	52	11	5	1	1783	43996.2
1984	52	12	5	1	1637	28605.1
1985	11	1	1	1	582	6812.5
1985	11	2	1	1	416	4635.7
1985	11	3	1	1	393	3306.6
1985	11	4	1	1	758	3422.5
1985	11	5	1	1	604	5982.7
1985	11	6	1	2	1169	6815.1
1985	11	7	1	2	332	1867
1985	11	8	1	2	302	1186.3
1985	11	9	1	2	323	6.1
1985	11	10	1	2	601	343.3
1985	11	11	1	1	445	462.9
1985	11	12	1	1	247	1893.7
1985	31	1	3	1	3330	84877.6
1985	31	2	3	1	3790	139147.5
1985	31	3	3	1	4550	39268.4
1985	31	4	3	1	4326	35716.6
1985	31	5	3	1	3520	24672.2
1985	31	6	3	2	2888	35118.7
1985	31	7	3	2	2136	16018.6
1985	31	8	3	2	1847	3922.1
1985	31	9	3	2	1766	2577.2
1985	31	10	3	2	1954	4299.7
1985	31	11	3	1	1494	2571.7
1985	31	12	3	1	1961	31158.3
1985	41	1	4	1	2304	55206.3
1985	41	2	4	1	1878	28450.3
1985	41	3	4	1	2490	18537.3
1985	41	4	4	1	1665	7842.4
1985	41	5	4	1	3045	10643.8
1985	41	6	4	2	2514	4236.6
1985	41	7	4	2	2922	4620.2
1985	41	8	4	2	1561	125.6
1985	41	9	4	2	1367	89.2
1985	41	10	4	2	2874	264.7
1985	41	11	4	1	777	227.4
1985	41	12	4	1	1348	5262.7
1985	42	1	4	1	439	17647.5
1985	42	2	4	1	437	12368.5
1985	42	3	4	1	460	8204.8
1985	42	4	4	1	240	7639.7
1985	42	5	4	1	405	4664.4
1985	42	6	4	2	357	1354.3
1985	42	7	4	2	518	2114.8
1985	42	9	4	2	550	561.4
1985	42	10	4	2	165	164.7
1985	42	12	4	1	207	1121.9
1985	43	1	4	1	2294	28809.2
1985	43	2	4	1	1797	24524.5
1985	43	3	4	1	1984	17706.4
1985	43	4	4	1	1834	18359.6
1985	43	5	4	1	2320	21532.4
1985	43	6	4	2	2269	4689.3
1985	43	7	4	2	2475	1210.9
1985	43	8	4	2	2204	2919.4
1985	43	9	4	2	861	697.5
1985	43	10	4	2	2732	751.4
1985	43	11	4	1	2428	569.3
1985	43	12	4	1	2207	3410.9
1985	44	1	4	1	202	754
1985	44	2	4	1	129	231.1
1985	44	3	4	1	160	250.9
1985	44	5	4	1	311	630.4
1985	44	6	4	2	749	704.2
1985	44	7	4	2	430	291.5
1985	44	8	4	2	144	29.8
1985	44	9	4	2	88	34.3
1985	44	10	4	2	263	488.5
1985	44	11	4	1	309	253
1985	44	12	4	1	363	86
1985	51	1	5	1	2642	8343.8
1985	51	2	5	1	1439	9286.2
1985	51	3	5	1	939	4992.9
1985	51	4	5	1	493	3165.7
1985	51	5	5	1	625	5062.5
1985	51	6	5	2	761	2519.3
1985	51	7	5	2	1351	3067.6
1985	51	8	5	2	1077	1671.2
1985	51	9	5	2	1664	2695.2
1985	51	10	5	2	2277	2775.4
1985	51	11	5	1	2310	4211.3
1985	51	12	5	1	2354	8041
1985	52	1	5	1	1015	7825.4
1985	52	2	5	1	792	4978.8
1985	52	3	5	1	364	2186.8
1985	52	4	5	1	17	105.2
1985	52	5	5	1	18	358.3
1985	52	6	5	2	64	330.5
1985	52	7	5	2	309	1114.1
1985	52	8	5	2	129	524.3
1985	52	9	5	2	165	161.4
1985	52	10	5	2	670	1963
1985	52	11	5	1	1126	6342.1
1985	52	12	5	1	1422	12148.4
1986	11	1	1	1	329	2206.1
1986	11	2	1	1	238	1528.7
1986	11	3	1	1	165	678.1
1986	11	4	1	1	307	2277.9
1986	11	5	1	1	1257	15752.4
1986	11	6	1	2	764	8343.4
1986	11	7	1	2	683	6719.1
1986	11	8	1	2	216	73.5
1986	11	9	1	2	137	90.9
1986	11	10	1	2	299	232.5
1986	11	11	1	1	333	526.2
1986	11	12	1	1	810	11954.7
1986	31	1	3	1	3107	18404.3
1986	31	2	3	1	3736	23407.2
1986	31	3	3	1	2684	9119.7
1986	31	4	3	1	3029	18674.1
1986	31	5	3	1	2502	36884.7
1986	31	6	3	2	1811	29741.3
1986	31	7	3	2	2836	16095.1
1986	31	8	3	2	2478	3245.3
1986	31	9	3	2	2460	1201.5
1986	31	10	3	2	2236	1554.3
1986	31	11	3	1	2020	7292.1
1986	31	12	3	1	2530	63338.5
1986	41	1	4	1	2409	15246.5
1986	41	2	4	1	3035	17011.9
1986	41	3	4	1	2404	11241.9
1986	41	4	4	1	2503	10441.4
1986	41	5	4	1	2142	3778.5
1986	41	6	4	2	1107	5531.5
1986	41	7	4	2	1185	2487.4
1986	41	8	4	2	525	1414.7
1986	41	10	4	2	532	103.3
1986	41	11	4	1	1176	981.9
1986	41	12	4	1	1550	3246.8
1986	42	1	4	1	317	5264.8
1986	42	2	4	1	311	9475.9
1986	42	3	4	1	261	7061.5
1986	42	4	4	1	366	7114.5
1986	42	5	4	1	274	962.1
1986	42	6	4	2	390	5142.5
1986	42	7	4	2	371	1750.3
1986	42	8	4	2	133	497.8
1986	42	11	4	1	120	970.1
1986	42	12	4	1	270	2282
1986	43	1	4	1	2314	15377.1
1986	43	2	4	1	2127	9541.4
1986	43	3	4	1	2032	7692.5
1986	43	4	4	1	1633	4089.3
1986	43	5	4	1	2507	3541.7
1986	43	6	4	2	2594	4337.7
1986	43	7	4	2	2654	6795.2
1986	43	8	4	2	2179	4206.7
1986	43	9	4	2	1299	272.3
1986	43	10	4	2	2800	2117.6
1986	43	11	4	1	2193	7954.6
1986	43	12	4	1	2113	11940.8
1986	44	1	4	1	213	541.4
1986	44	2	4	1	350	262.9
1986	44	3	4	1	569	3434.5
1986	44	4	4	1	107	47.4
1986	44	5	4	1	460	768.9
1986	44	6	4	2	985	774.8
1986	44	7	4	2	872	1028.7
1986	44	8	4	2	650	700.9
1986	44	9	4	2	504	789.4
1986	44	10	4	2	248	577.4
1986	44	11	4	1	315	1373.6
1986	44	12	4	1	319	275.7
1986	51	1	5	1	300	1224.7
1986	51	2	5	1	592	3887.8
1986	51	3	5	1	1391	17475.5
1986	51	4	5	1	1534	9255
1986	51	5	5	1	1284	6679.9
1986	51	6	5	2	832	5244.1
1986	51	7	5	2	1410	8884.2
1986	51	8	5	2	1378	8070.4
1986	51	9	5	2	1767	4980.6
1986	51	10	5	2	2058	5105.7
1986	51	11	5	1	2097	9106.2
1986	51	12	5	1	2284	10737.5
1986	52	1	5	1	1314	9102.1
1986	52	2	5	1	508	893.5
1986	52	3	5	1	1124	3277.1
1986	52	4	5	1	1160	15544.1
1986	52	5	5	1	585	4120.9
1986	52	6	5	2	61	644.2
1986	52	7	5	2	136	2323.5
1986	52	8	5	2	211	854.5
1986	52	9	5	2	864	2204.8
1986	52	10	5	2	1800	9918.8
1986	52	11	5	1	1279	10749.4
1986	52	12	5	1	1047	13021.1
1987	11	1	1	1	363	3437
1987	11	2	1	1	167	639.6
1987	11	3	1	1	522	4888.8
1987	11	4	1	1	267	937.7
1987	11	5	1	1	916	4130.7
1987	11	6	1	2	791	4147.7
1987	11	7	1	2	527	561.9
1987	11	8	1	2	422	1178.4
1987	11	9	1	2	587	286.1
1987	11	10	1	2	392	478.2
1987	11	11	1	1	1326	1337.3
1987	11	12	1	1	1189	11018
1987	31	1	3	1	3349	89795.5
1987	31	2	3	1	3601	43515.6
1987	31	3	3	1	4514	66708.8
1987	31	4	3	1	4598	56448.8
1987	31	5	3	1	4097	40808.1
1987	31	6	3	2	2986	32180.4
1987	31	7	3	2	2431	9010
1987	31	8	3	2	1653	1174.9
1987	31	9	3	2	2352	2662.5
1987	31	10	3	2	2066	2824.4
1987	31	11	3	1	2485	3368.5
1987	31	12	3	1	3241	59737.9
1987	41	1	4	1	2371	21876.5
1987	41	2	4	1	3187	53864.8
1987	41	3	4	1	2390	9466.4
1987	41	4	4	1	1890	3328.7
1987	41	5	4	1	891	452.6
1987	41	6	4	2	1144	4216.7
1987	41	7	4	2	710	393.6
1987	41	8	4	2	663	2226.1
1987	41	10	4	2	656	641.2
1987	41	11	4	1	1322	1110.9
1987	41	12	4	1	1093	2683.7
1987	42	1	4	1	824	8423.9
1987	42	2	4	1	372	13654.5
1987	42	3	4	1	284	4309.6
1987	42	4	4	1	269	3682.5
1987	42	5	4	1	108	405.6
1987	42	6	4	2	383	1589.7
1987	42	7	4	2	132	680.7
1987	42	8	4	2	162	446.8
1987	42	9	4	2	447	1845.1
1987	42	10	4	2	386	353.5
1987	42	11	4	1	338	1437.2
1987	42	12	4	1	221	2267
1987	43	1	4	1	2270	21547.6
1987	43	2	4	1	2062	9916.5
1987	43	3	4	1	2002	8203.5
1987	43	4	4	1	2200	4889.3
1987	43	5	4	1	2518	6730.1
1987	43	6	4	2	2836	2136.1
1987	43	7	4	2	3342	3914.3
1987	43	8	4	2	2016	596.8
1987	43	9	4	2	2193	1769.9
1987	43	10	4	2	2475	1791.9
1987	43	11	4	1	2130	3641.6
1987	43	12	4	1	1896	8545.2
1987	44	1	4	1	288	748.4
1987	44	2	4	1	167	478.6
1987	44	3	4	1	103	1833.8
1987	44	4	4	1	213	328.3
1987	44	5	4	1	267	166.8
1987	44	6	4	2	831	1701.8
1987	44	7	4	2	900	2548.3
1987	44	8	4	2	167	456.7
1987	44	9	4	2	186	298
1987	44	10	4	2	266	126.5
1987	44	11	4	1	292	734.8
1987	44	12	4	1	283	78.7
1987	51	1	5	1	1395	5887.1
1987	51	2	5	1	606	2983.1
1987	51	3	5	1	834	4193.6
1987	51	4	5	1	1769	13242
1987	51	5	5	1	1226	6414.4
1987	51	6	5	2	1547	3665.7
1987	51	7	5	2	2437	6842.6
1987	51	8	5	2	1713	3947.9
1987	51	9	5	2	1639	5274.5
1987	51	10	5	2	1868	6447
1987	51	11	5	1	2262	5114.3
1987	51	12	5	1	2499	6775.9
1987	52	1	5	1	707	4844.7
1987	52	2	5	1	617	661.9
1987	52	3	5	1	407	642.1
1987	52	4	5	1	342	3170
1987	52	5	5	1	474	5261.3
1987	52	6	5	2	344	63.4
1987	52	7	5	2	1339	4470.9
1987	52	8	5	2	933	2681.9
1987	52	9	5	2	1143	4797.9
1987	52	10	5	2	1226	7727.5
1987	52	11	5	1	867	3003.5
1987	52	12	5	1	706	1487.9
1988	11	1	1	1	1037	7707.8
1988	11	2	1	1	383	1221.3
1988	11	3	1	1	505	2373.9
1988	11	4	1	1	1146	1900.6
1988	11	5	1	1	1387	5468.1
1988	11	6	1	2	828	4783.6
1988	11	7	1	2	518	6030
1988	11	8	1	2	303	336.9
1988	11	9	1	2	123	39
1988	11	11	1	1	93	157.6
1988	11	12	1	1	1235	21187.2
1988	31	1	3	1	5203	58046.6
1988	31	2	3	1	6559	12286.3
1988	31	3	3	1	6381	28840.4
1988	31	4	3	1	5926	38007
1988	31	5	3	1	4810	44951.4
1988	31	6	3	2	3922	48890.8
1988	31	7	3	2	2474	27960.6
1988	31	8	3	2	2112	10780.7
1988	31	9	3	2	2411	4250
1988	31	10	3	2	2458	5884.3
1988	31	11	3	1	2260	12728.4
1988	31	12	3	1	3730	73917.8
1988	41	1	4	1	2007	31621.5
1988	41	2	4	1	2599	11606.9
1988	41	3	4	1	2974	6150.2
1988	41	4	4	1	2425	3915.2
1988	41	5	4	1	1442	4543.6
1988	41	6	4	2	1391	11258.1
1988	41	7	4	2	1293	8562.2
1988	41	8	4	2	1630	903.2
1988	41	9	4	2	585	450.7
1988	41	10	4	2	750	548.8
1988	41	11	4	1	1119	535.6
1988	41	12	4	1	1369	2568.3
1988	42	1	4	1	273	5926.8
1988	42	2	4	1	505	10093.7
1988	42	3	4	1	156	968.9
1988	42	4	4	1	315	4698.6
1988	42	5	4	1	320	2599.5
1988	42	6	4	2	358	1327
1988	42	7	4	2	162	519.1
1988	42	8	4	2	426	693.3
1988	42	9	4	2	265	206.6
1988	42	11	4	1	433	900
1988	42	12	4	1	162	954.1
1988	43	1	4	1	2142	14963.2
1988	43	2	4	1	1951	6856.7
1988	43	3	4	1	1564	3550.7
1988	43	4	4	1	1838	2401.1
1988	43	5	4	1	2420	1602.9
1988	43	6	4	2	2568	2474.4
1988	43	7	4	2	1835	5453.5
1988	43	8	4	2	1832	2072.7
1988	43	9	4	2	2542	2263.2
1988	43	10	4	2	2179	2517
1988	43	11	4	1	2264	1844.7
1988	43	12	4	1	1937	6365.7
1988	44	1	4	1	217	17.7
1988	44	2	4	1	59	16.7
1988	44	3	4	1	172	204.5
1988	44	4	4	1	166	259.5
1988	44	5	4	1	587	453.7
1988	44	6	4	2	636	1308.4
1988	44	7	4	2	285	258.6
1988	44	8	4	2	346	518.3
1988	44	9	4	2	153	21.7
1988	44	10	4	2	294	130.2
1988	44	11	4	1	80	170.4
1988	44	12	4	1	88	31.8
1988	51	1	5	1	1398	4125.6
1988	51	2	5	1	290	896.8
1988	51	3	5	1	1091	8725.5
1988	51	4	5	1	1264	3942.5
1988	51	5	5	1	1064	2259.7
1988	51	6	5	2	521	889.7
1988	51	7	5	2	83	205.3
1988	51	8	5	2	1101	744.5
1988	51	9	5	2	1932	1277.8
1988	51	10	5	2	1880	3113.7
1988	51	11	5	1	2241	3087.8
1988	51	12	5	1	2989	3380.4
1988	52	1	5	1	560	1839.5
1988	52	2	5	1	371	676
1988	52	3	5	1	237	907
1988	52	4	5	1	611	501.5
1988	52	5	5	1	886	1211.8
1988	52	6	5	2	342	345.5
1988	52	7	5	2	99	205
1988	52	8	5	2	756	1107.1
1988	52	9	5	2	1051	1695.1
1988	52	10	5	2	1054	1690.4
1988	52	11	5	1	1002	2808.3
1988	52	12	5	1	796	6307.3
1988	53	1	5	1	3	4.5
1988	53	4	5	1	28	70.7
1988	53	5	5	1	58	346.1
1988	53	8	5	2	78	57.8
1988	53	9	5	2	205	131.3
1988	53	10	5	2	34	9.7
1988	53	11	5	1	42	35.9
1989	11	1	1	1	563	3165
1989	11	2	1	1	395	1008.1
1989	11	3	1	1	238	243.6
1989	11	4	1	1	180	425
1989	11	5	1	1	707	2722.5
1989	11	6	1	2	989	2719.1
1989	11	7	1	2	624	511.3
1989	11	8	1	2	725	181.2
1989	11	10	1	2	443	38.8
1989	11	11	1	1	156	270.1
1989	11	12	1	1	320	2053.7
1989	31	1	3	1	5150	52719.2
1989	31	2	3	1	4927	16350.5
1989	31	3	3	1	5067	3504.5
1989	31	4	3	1	5967	13736.1
1989	31	5	3	1	5224	38225.1
1989	31	6	3	2	4265	42767.2
1989	31	7	3	2	3001	12409.3
1989	31	8	3	2	3064	5410.3
1989	31	9	3	2	2222	3723.6
1989	31	10	3	2	2270	2774.9
1989	31	11	3	1	2378	17369.3
1989	31	12	3	1	4259	152659.3
1989	41	1	4	1	2532	23322
1989	41	2	4	1	3195	2325
1989	41	3	4	1	3359	885.8
1989	41	4	4	1	3016	5219.9
1989	41	5	4	1	1900	1749.8
1989	41	6	4	2	1502	5336.2
1989	41	7	4	2	1312	1130.7
1989	41	8	4	2	661	6188.1
1989	41	9	4	2	446	319.9
1989	41	10	4	2	1215	1597.9
1989	41	11	4	1	1190	3422.8
1989	41	12	4	1	2073	10884.2
1989	42	1	4	1	245	2375.4
1989	42	2	4	1	188	1251.2
1989	42	4	4	1	239	2919
1989	42	5	4	1	288	3766.1
1989	42	7	4	2	196	210.1
1989	43	1	4	1	2243	11381.4
1989	43	2	4	1	2028	11769
1989	43	3	4	1	1491	1398.2
1989	43	4	4	1	1441	1574.5
1989	43	5	4	1	1723	1020.2
1989	43	6	4	2	1868	2896.9
1989	43	7	4	2	1997	2530
1989	43	8	4	2	1878	217.6
1989	43	9	4	2	2950	2990
1989	43	10	4	2	3174	2052.2
1989	43	11	4	1	2030	2513.7
1989	43	12	4	1	1901	6169.3
1989	44	1	4	1	460	247.8
1989	44	2	4	1	298	1048.9
1989	44	3	4	1	113	16.9
1989	44	4	4	1	118	240.7
1989	44	6	4	2	129	16.3
1989	44	7	4	2	511	167
1989	44	10	4	2	128	27.6
1989	44	11	4	1	103	4.1
1989	44	12	4	1	107	6
1989	51	1	5	1	2718	7708.9
1989	51	2	5	1	1156	5176.3
1989	51	3	5	1	1269	3893
1989	51	4	5	1	818	1316.7
1989	51	5	5	1	1857	2166.1
1989	51	6	5	2	1189	1184.4
1989	51	7	5	2	95	336.9
1989	51	9	5	2	1296	504.9
1989	51	10	5	2	2117	226
1989	51	11	5	1	4163	792.8
1989	51	12	5	1	4636	1874.9
1989	52	1	5	1	351	380.8
1989	52	2	5	1	351	602.1
1989	52	3	5	1	251	596
1989	52	4	5	1	398	142.1
1989	52	5	5	1	479	500.6
1989	52	6	5	2	224	299.5
1989	52	9	5	2	878	328
1989	52	10	5	2	2312	506.8
1989	52	11	5	1	796	444.4
1989	52	12	5	1	798	1759.5
1989	53	4	5	1	1	1.2
1989	53	9	5	2	56	23.6
1989	53	10	5	2	242	47.6
1990	11	1	1	1	403	1222.3
1990	11	2	1	1	162	603.6
1990	11	3	1	1	487	2828.1
1990	11	4	1	1	644	1465.7
1990	11	5	1	1	1498	3089.8
1990	11	6	1	2	2259	4900.5
1990	11	7	1	2	1350	2079.6
1990	11	8	1	2	861	171.5
1990	11	9	1	2	297	62
1990	11	10	1	2	483	89.3
1990	11	11	1	1	219	898.2
1990	11	12	1	1	293	2591.3
1990	31	1	3	1	5525	29045.9
1990	31	2	3	1	5761	26043
1990	31	3	3	1	6240	18492.4
1990	31	4	3	1	4952	11401.3
1990	31	5	3	1	5471	59633.1
1990	31	6	3	2	6512	75338.8
1990	31	7	3	2	3172	35470.2
1990	31	8	3	2	3959	4800.5
1990	31	9	3	2	3525	1004.7
1990	31	10	3	2	2738	2761.4
1990	31	11	3	1	2751	4424.9
1990	31	12	3	1	4209	2993.4
1990	41	1	4	1	3176	21986.1
1990	41	2	4	1	2852	8276.9
1990	41	3	4	1	3445	3732
1990	41	4	4	1	1839	5952.2
1990	41	5	4	1	2614	2584.9
1990	41	6	4	2	2213	10620.5
1990	41	7	4	2	1821	9380.3
1990	41	8	4	2	906	244.2
1990	41	9	4	2	1072	1606.5
1990	41	10	4	2	1151	741.4
1990	41	11	4	1	1059	981.2
1990	42	1	4	1	40	227.2
1990	42	2	4	1	109	1007.2
1990	42	3	4	1	130	765.6
1990	42	4	4	1	103	1726.2
1990	42	5	4	1	69	1417
1990	42	6	4	2	8	8.1
1990	42	8	4	2	180	34.9
1990	43	1	4	1	2185	8743.9
1990	43	2	4	1	2435	5992.3
1990	43	3	4	1	1265	584.2
1990	43	4	4	1	1742	2016.3
1990	43	5	4	1	1953	932.9
1990	43	6	4	2	2900	2721
1990	43	7	4	2	3317	9505.4
1990	43	8	4	2	4883	3545.7
1990	43	9	4	2	2876	1022.4
1990	43	10	4	2	3887	4336.8
1990	43	11	4	1	3413	3043.4
1990	43	12	4	1	2637	4686.2
1990	44	1	4	1	157	162.2
1990	44	3	4	1	234	9.3
1990	44	4	4	1	116	98.6
1990	44	5	4	1	37	54.1
1990	44	7	4	2	211	943.4
1990	44	8	4	2	188	187.6
1990	51	1	5	1	3896	3188.4
1990	51	2	5	1	3116	2344.5
1990	51	3	5	1	3148	808.4
1990	51	4	5	1	2713	5823.8
1990	51	5	5	1	4119	3741.9
1990	51	6	5	2	3895	3052.1
1990	51	7	5	2	3374	1494.9
1990	51	8	5	2	1820	62.8
1990	51	9	5	2	2431	320.8
1990	51	10	5	2	3710	164.5
1990	51	11	5	1	4099	416.5
1990	51	12	5	1	3544	698.1
1990	52	1	5	1	445	79
1990	52	2	5	1	289	66.7
1990	52	3	5	1	282	72.1
1990	52	4	5	1	126	24.7
1990	52	5	5	1	552	285.1
1990	52	6	5	2	1003	235
1990	52	7	5	2	71	37.5
1990	52	8	5	2	285	290.8
1990	52	9	5	2	1991	308.1
1990	52	10	5	2	1035	86
1990	52	11	5	1	256	71.8
1990	52	12	5	1	827	670.7
1990	53	9	5	2	160	16.2
1990	53	10	5	2	282	8.7
1990	53	11	5	1	246	7.3
1991	11	1	1	1	296	3002
1991	11	2	1	1	332	821.8
1991	11	3	1	1	421	869
1991	11	4	1	1	458	167.7
1991	11	5	1	1	1021	2424.8
1991	11	6	1	2	1635	10443.3
1991	11	7	1	2	1431	1844.4
1991	11	8	1	2	449	618
1991	11	9	1	2	927	1031.5
1991	11	10	1	2	523	156.6
1991	11	11	1	1	356	1224.3
1991	11	12	1	1	1029	9355.2
1991	31	1	3	1	6210	50825.9
1991	31	2	3	1	8213	10773.9
1991	31	3	3	1	8826	8683.3
1991	31	4	3	1	7144	13919.9
1991	31	5	3	1	9434	21404.8
1991	31	6	3	2	6644	34816.3
1991	31	7	3	2	2543	9149.6
1991	31	8	3	2	2299	7849
1991	31	9	3	2	2142	4385.4
1991	31	10	3	2	2162	2725.4
1991	31	11	3	1	2858	2395.8
1991	31	12	3	1	5617	24142.3
1991	41	1	4	1	4987	19236
1991	41	2	4	1	4515	3168.1
1991	41	3	4	1	1787	2159.5
1991	41	4	4	1	4711	3484.5
1991	41	5	4	1	1654	760.2
1991	41	6	4	2	418	197.5
1991	41	7	4	2	1248	2219.8
1991	41	8	4	2	1156	195.9
1991	41	11	4	1	2988	675.3
1991	41	12	4	1	1945	996.8
1991	42	1	4	1	245	3056.8
1991	42	2	4	1	370	2017.1
1991	42	3	4	1	315	2085
1991	42	4	4	1	168	54.1
1991	42	5	4	1	273	1411
1991	42	6	4	2	394	903.4
1991	42	7	4	2	747	2450.4
1991	42	11	4	1	231	18.6
1991	42	12	4	1	283	425
1991	43	1	4	1	2566	8510.2
1991	43	2	4	1	2484	5660.6
1991	43	3	4	1	2526	4976
1991	43	4	4	1	2139	2367.6
1991	43	5	4	1	2499	3576.9
1991	43	6	4	2	2385	6220.1
1991	43	7	4	2	3701	7369.1
1991	43	8	4	2	4733	3622.6
1991	43	9	4	2	5158	1639.6
1991	43	11	4	1	2939	1427.6
1991	43	12	4	1	1231	418
1991	44	1	4	1	308	330.6
1991	44	2	4	1	260	92.9
1991	44	3	4	1	166	208.1
1991	44	4	4	1	103	148
1991	44	10	4	2	275	180.9
1991	51	1	5	1	2907	1098.7
1991	51	2	5	1	1974	957
1991	51	3	5	1	2131	266.3
1991	51	4	5	1	1382	41.1
1991	51	5	5	1	1555	159.2
1991	51	6	5	2	1251	161.6
1991	51	7	5	2	372	60.8
1991	51	8	5	2	547	129.8
1991	51	9	5	2	1580	381.6
1991	51	10	5	2	2950	647.1
1991	51	11	5	1	3042	577.4
1991	51	12	5	1	3036	1081.3
1991	52	1	5	1	146	50.7
1991	52	2	5	1	87	10.6
1991	52	3	5	1	211	25.3
1991	52	4	5	1	521	326.7
1991	52	5	5	1	977	68.7
1991	52	7	5	2	93	190.7
1991	52	9	5	2	349	792.2
1991	52	10	5	2	946	734.1
1991	52	11	5	1	1301	392.6
1991	52	12	5	1	415	154.7
1991	53	2	5	1	147	66.3
1991	53	11	5	1	149	11.9
1991	53	12	5	1	68	8.1
1992	11	1	1	1	457	1397.3
1992	11	2	1	1	507	1329.2
1992	11	3	1	1	568	1779.9
1992	11	4	1	1	525	1427.4
1992	11	5	1	1	1187	1387.2
1992	11	6	1	2	1802	1867.2
1992	11	7	1	2	1633	6592.4
1992	11	8	1	2	1133	2177.7
1992	11	9	1	2	1814	2206.5
1992	11	10	1	2	1313	842.7
1992	11	11	1	1	1209	1881.6
1992	11	12	1	1	633	2585
1992	31	1	3	1	7464	26802.2
1992	31	2	3	1	8541	19791.5
1992	31	3	3	1	10478	12841.2
1992	31	4	3	1	7748	23000.9
1992	31	5	3	1	9338	35824.1
1992	31	6	3	2	6687	41994.7
1992	31	7	3	2	4930	22147.6
1992	31	8	3	2	2871	5674.7
1992	31	9	3	2	2942	4938.8
1992	31	10	3	2	3358	2823.2
1992	31	11	3	1	5381	13190.1
1992	31	12	3	1	6596	29544.5
1992	41	1	4	1	4936	26458.5
1992	41	2	4	1	5118	11189.4
1992	41	3	4	1	8772	6153.9
1992	41	4	4	1	5441	3487.1
1992	41	5	4	1	3174	389.6
1992	41	6	4	2	1108	2785.8
1992	41	7	4	2	840	136.8
1992	41	8	4	2	653	514.7
1992	41	11	4	1	1487	11000.3
1992	41	12	4	1	2877	2917.8
1992	42	1	4	1	407	1119.1
1992	42	2	4	1	461	2570.6
1992	42	3	4	1	516	1522.2
1992	42	4	4	1	494	5572.8
1992	42	5	4	1	536	9675.6
1992	42	6	4	2	480	3500
1992	42	7	4	2	664	2195.5
1992	42	8	4	2	318	296.2
1992	42	12	4	1	395	6009.8
1992	43	1	4	1	2399	3995.3
1992	43	2	4	1	2616	4820.9
1992	43	3	4	1	3342	3938.1
1992	43	4	4	1	2557	2669.7
1992	43	5	4	1	3325	2715.2
1992	43	6	4	2	2907	6835.1
1992	43	7	4	2	3559	10141.9
1992	43	8	4	2	2094	1575
1992	43	9	4	2	2013	797.8
1992	43	10	4	2	1512	276.5
1992	43	11	4	1	2959	9772.1
1992	43	12	4	1	2721	6338.9
1992	44	1	4	1	113	72.9
1992	44	4	4	1	211	104.6
1992	44	5	4	1	680	216.4
1992	44	8	4	2	449	35.8
1992	44	9	4	2	321	96.1
1992	44	10	4	2	266	165.1
1992	51	1	5	1	2669	352
1992	51	2	5	1	1705	94.7
1992	51	3	5	1	718	506.8
1992	51	4	5	1	1371	1503.6
1992	51	5	5	1	2033	1141.1
1992	51	6	5	2	2674	1336.4
1992	51	7	5	2	3470	1994.4
1992	51	8	5	2	4000	1411.9
1992	51	9	5	2	2984	770.5
1992	51	10	5	2	3512	793.6
1992	51	11	5	1	2132	314.2
1992	51	12	5	1	1225	743.6
1992	52	2	5	1	118	13.1
1992	52	3	5	1	406	264.5
1992	52	4	5	1	624	297.5
1992	52	5	5	1	862	229.7
1992	52	6	5	2	229	136.7
1992	52	7	5	2	359	64
1992	52	8	5	2	818	640.1
1992	52	9	5	2	1089	1417.9
1992	52	10	5	2	1427	1205.9
1992	52	11	5	1	1066	1862.3
1992	52	12	5	1	763	2851
1992	53	4	5	1	6	5.4
1992	53	5	5	1	11	5.2
1992	53	6	5	2	1	0.4
1992	53	7	5	2	1	0.5
1992	53	8	5	2	28	6.1
1992	53	9	5	2	159	48.1
1993	11	1	1	1	561	1551
1993	11	2	1	1	267	600
1993	11	3	1	1	173	201.8
1993	11	4	1	1	1305	6890.9
1993	11	5	1	1	1158	2978.9
1993	11	6	1	2	1456	3768.2
1993	11	7	1	2	951	1162.5
1993	11	8	1	2	475	904.2
1993	11	9	1	2	517	748.2
1993	11	10	1	2	513	1511.4
1993	11	11	1	1	1008	5065.1
1993	11	12	1	1	1029	7251.4
1993	31	1	3	1	8289	25847.5
1993	31	2	3	1	8670	8098.7
1993	31	3	3	1	9560	47746.8
1993	31	4	3	1	10386	44393.7
1993	31	5	3	1	8389	42202.1
1993	31	6	3	2	5468	31722
1993	31	7	3	2	5821	25669.7
1993	31	8	3	2	3598	8741.2
1993	31	9	3	2	2766	6213.6
1993	31	10	3	2	3593	11980.5
1993	31	11	3	1	4877	13835
1993	31	12	3	1	7998	74295.3
1993	41	1	4	1	4197	7925.8
1993	41	2	4	1	2092	1527.1
1993	41	3	4	1	3327	1423.3
1993	41	5	4	1	1904	2094.2
1993	41	6	4	2	1583	1266.6
1993	41	7	4	2	1006	3242.3
1993	42	1	4	1	690	10934.4
1993	42	2	4	1	640	6817.2
1993	42	3	4	1	667	15842.1
1993	42	4	4	1	549	5253
1993	42	5	4	1	528	10489.1
1993	42	6	4	2	551	202.2
1993	42	7	4	2	538	423.7
1993	42	8	4	2	617	176.4
1993	42	12	4	1	481	1285.7
1993	43	1	4	1	2782	14648.2
1993	43	2	4	1	2819	12747.6
1993	43	3	4	1	3032	13877.8
1993	43	4	4	1	2910	7160.8
1993	43	5	4	1	3259	7341
1993	43	6	4	2	3233	7293.7
1993	43	7	4	2	3691	14856.7
1993	43	8	4	2	3605	1000.3
1993	43	9	4	2	1536	141.1
1993	43	10	4	2	1734	740
1993	43	11	4	1	1366	1687.5
1993	43	12	4	1	3041	1117.4
1993	44	1	4	1	410	1126
1993	44	6	4	2	601	125.4
1993	44	8	4	2	364	85.2
1993	44	10	4	2	221	55.1
1993	44	11	4	1	242	185
1993	51	1	5	1	790	358
1993	51	2	5	1	845	404.4
1993	51	3	5	1	1497	685.9
1993	51	4	5	1	969	1241.4
1993	51	5	5	1	1242	2645.1
1993	51	6	5	2	1747	1534.3
1993	51	7	5	2	1941	2548
1993	51	8	5	2	2916	3603.5
1993	51	9	5	2	2310	2171.4
1993	51	10	5	2	1259	1809.1
1993	51	11	5	1	1080	813.4
1993	51	12	5	1	1181	1283.1
1993	52	1	5	1	326	2930.3
1993	52	2	5	1	157	345
1993	52	3	5	1	347	179.8
1993	52	4	5	1	614	636.3
1993	52	5	5	1	757	1125.6
1993	52	6	5	2	349	410.7
1993	52	7	5	2	360	253.4
1993	52	8	5	2	646	559.4
1993	52	9	5	2	895	2052.8
1993	52	10	5	2	1071	1133.4
1993	52	11	5	1	923	2770
1993	52	12	5	1	602	4520.6
1993	53	5	5	1	1	1.9
1993	53	8	5	2	163	459.9
1993	53	9	5	2	377	183.5
1993	53	10	5	2	237	61.3
1993	53	11	5	1	104	23.6
1994	11	1	1	1	605	2990.9
1994	11	2	1	1	726	692.6
1994	11	3	1	1	1632	1692.4
1994	11	4	1	1	558	1814.7
1994	11	5	1	1	348	353.9
1994	11	6	1	2	1715	5000.1
1994	11	7	1	2	1393	9359.4
1994	11	8	1	2	2086	3297.5
1994	11	9	1	2	1212	4120
1994	11	10	1	2	1126	2752.7
1994	11	11	1	1	1254	15640.3
1994	11	12	1	1	1776	25610.9
1994	31	1	3	1	7609	24937.6
1994	31	2	3	1	6607	21787.4
1994	31	3	3	1	7763	27016.8
1994	31	4	3	1	9684	24219.3
1994	31	5	3	1	9685	30547
1994	31	6	3	2	6942	41146.9
1994	31	7	3	2	5818	8246.5
1994	31	8	3	2	3947	2607.3
1994	31	9	3	2	3405	2550.5
1994	31	10	3	2	3705	2086.9
1994	31	11	3	1	5785	26962.6
1994	31	12	3	1	8316	37542.4
1994	41	1	4	1	2944	2373.3
1994	41	2	4	1	5625	1669
1994	41	3	4	1	6237	16223.2
1994	41	5	4	1	3555	1985.2
1994	41	6	4	2	3092	1657.6
1994	41	7	4	2	1137	639.5
1994	41	11	4	1	2781	404.4
1994	41	12	4	1	1239	2526.6
1994	42	1	4	1	737	20658.3
1994	42	2	4	1	739	9216.9
1994	42	3	4	1	759	18977.6
1994	42	4	4	1	568	6867.7
1994	42	5	4	1	865	7805.1
1994	42	6	4	2	767	2604.1
1994	42	7	4	2	987	366.8
1994	42	11	4	1	309	18.5
1994	42	12	4	1	673	1819
1994	43	1	4	1	2971	11303.4
1994	43	2	4	1	3251	3562
1994	43	3	4	1	2481	13642.3
1994	43	4	4	1	2167	8190
1994	43	5	4	1	1629	4267.7
1994	43	6	4	2	3036	6598.8
1994	43	7	4	2	3859	4717.6
1994	43	8	4	2	3879	1535.9
1994	43	9	4	2	1096	153.3
1994	43	11	4	1	1522	303.4
1994	43	12	4	1	1806	4523.7
1994	44	1	4	1	265	571.9
1994	44	2	4	1	156	309.2
1994	44	3	4	1	52	32.5
1994	44	4	4	1	44	23.5
1994	44	6	4	2	394	487.9
1994	44	7	4	2	223	56.1
1994	44	8	4	2	172	48
1994	44	9	4	2	244	54.8
1994	44	10	4	2	235	266.7
1994	44	11	4	1	237	324.1
1994	44	12	4	1	138	141.6
1994	51	1	5	1	1519	3170.4
1994	51	2	5	1	1678	2702.9
1994	51	3	5	1	2232	4958.6
1994	51	4	5	1	1278	2019.1
1994	51	5	5	1	604	523.4
1994	51	6	5	2	384	350.7
1994	51	7	5	2	503	168.6
1994	51	8	5	2	611	446
1994	51	9	5	2	754	516.1
1994	51	10	5	2	708	299.7
1994	51	11	5	1	615	29.2
1994	51	12	5	1	562	219.7
1994	52	1	5	1	320	684.5
1994	52	2	5	1	381	70.9
1994	52	3	5	1	448	62.8
1994	52	4	5	1	331	341.9
1994	52	5	5	1	406	228.4
1994	52	6	5	2	290	176.2
1994	52	7	5	2	37	4.5
1994	52	8	5	2	66	64.2
1994	52	9	5	2	248	179.4
1994	52	10	5	2	630	640.9
1994	52	11	5	1	505	3751.8
1994	52	12	5	1	398	2588.7
1994	53	5	5	1	15	10.6
1994	53	6	5	2	1	0.7
1994	53	10	5	2	64	50.6
1995	11	1	1	1	560	1293.36
1995	31	1	3	1	9067	3300.75
1995	41	1	4	1	4850	2089.27
1995	42	1	4	1	1036	3295.4
1995	43	1	4	1	1923	542.87
1995	44	1	4	1	93	34.66
1995	51	1	5	1	160	50.33
1995	52	1	5	1	424	278.68
1995	11	2	1	1	437	331.33
1995	31	2	3	1	7965	7725.56
1995	41	2	4	1	4823	4248.11
1995	42	2	4	1	853	4052.78
1995	43	2	4	1	1330	1070.94
1995	51	2	5	1	179	580.09
1995	11	3	1	1	448	223.72
1995	31	3	3	1	7972	3900.81
1995	42	3	4	1	602	992.85
1995	43	3	4	1	581	563.44
1995	44	3	4	1	71	36.03
1995	51	3	5	1	878	1054.61
1995	52	3	5	1	149	122.22
1995	11	4	1	1	649	530.1
1995	31	4	3	1	9584	14255.17
1995	42	4	4	1	608	1338.48
1995	43	4	4	1	1009	779.85
1995	51	4	5	1	1786	1331.13
1995	52	4	5	1	152	210.79
1995	11	5	1	1	844	512
1995	31	5	3	1	8631	29001.29
1995	41	5	4	1	2085	711.6
1995	42	5	4	1	789	2238.46
1995	43	5	4	1	3153	3320.2
1995	51	5	5	1	858	1330.03
1995	52	5	5	1	234	384.39
1995	11	6	1	2	2018	6906.43
1995	31	6	3	2	7171	11510.89
1995	41	6	4	2	1913	1538.91
1995	42	6	4	2	769	345.67
1995	43	6	4	2	3521	2639.97
1995	44	6	4	2	481	53.12
1995	51	6	5	2	860	576.57
1995	52	6	5	2	165	56.18
1995	11	7	1	2	1846	3127.02
1995	31	7	3	2	3926	2872.32
1995	42	7	4	2	713	105.04
1995	43	7	4	2	3947	2684.15
1995	44	7	4	2	624	121.35
1995	51	7	5	2	1399	1229.54
1995	52	7	5	2	91	81.2
1995	11	8	1	2	531	424.42
1995	31	8	3	2	3350	714.9
1995	42	8	4	2	550	73.33
1995	44	8	4	2	572	187.87
1995	51	8	5	2	2765	1539.98
1995	52	8	5	2	368	435.07
1995	11	9	1	2	210	372.63
1995	31	9	3	2	4433	237.39
1995	43	9	4	2	3255	862.3
1995	44	9	4	2	419	155.52
1995	51	9	5	2	2723	618.56
1995	52	9	5	2	625	1353.75
1995	53	9	5	2	10	40
1995	11	10	1	2	2082	3902.22
1995	31	10	3	2	4289	415.67
1995	42	10	4	2	820	231.32
1995	44	10	4	2	524	236.96
1995	51	10	5	2	2123	857.4
1995	52	10	5	2	387	4192.36
1995	53	10	5	2	42	18
1995	11	11	1	1	1943	3593.93
1995	31	11	3	1	4233	1400.12
1995	44	11	4	1	269	111.61
1995	51	11	5	1	1203	602.8
1995	52	11	5	1	479	3874.85
1995	53	11	5	1	86	81.46
1995	11	12	1	1	1176	4050.67
1995	31	12	3	1	5595	20476.25
1995	42	12	4	1	490	1351.71
1995	43	12	4	1	2289	1142
1995	44	12	4	1	364	76.51
1995	51	12	5	1	1319	342.67
1995	52	12	5	1	492	2281.89
1995	53	12	5	1	103	198.17
1996	11	1	1	1	214	200
1996	31	1	3	1	6444	25900
1996	41	1	4	1	4977	7300
1996	42	1	4	1	999	14000
1996	43	1	4	1	2752	21600
1996	44	1	4	1	87	100
1996	51	1	5	1	1920	2600
1996	52	1	5	1	293	2800
1996	11	2	1	1	280	700
1996	31	2	3	1	6200	6000
1996	41	2	4	1	4103	1100
1996	42	2	4	1	725	900
1996	43	2	4	1	1260	1200
1996	51	2	5	1	2040	5700
1996	52	2	5	1	155	600
1996	11	3	1	1	212	800
1996	31	3	3	1	8238	4500
1996	41	3	4	1	3962	600
1996	42	3	4	1	775	300
1996	43	3	4	1	1056	300
1996	44	3	4	1	74	0
1996	51	3	5	1	2183	1600
1996	52	3	5	1	152	1200
1996	11	4	1	1	577	700
1996	31	4	3	1	8149	13800
1996	42	4	4	1	844	2400
1996	43	4	4	1	950	200
1996	51	4	5	1	1468	5000
1996	52	4	5	1	286	2100
1996	11	5	1	1	1388	3400
1996	31	5	3	1	8251	43900
1996	41	5	4	1	2253	200
1996	42	5	4	1	789	4100
1996	43	5	4	1	1981	100
1996	51	5	5	1	770	1100
1996	52	5	5	1	218	1700
1996	11	6	1	2	1542	1900
1996	31	6	3	2	6296	22000
1996	41	6	4	2	2559	700
1996	42	6	4	2	769	600
1996	43	6	4	2	2491	1200
1996	44	6	4	2	367	300
1996	51	6	5	2	760	2000
1996	52	6	5	2	129	800
1996	11	7	1	2	1106	2700
1996	31	7	3	2	4236	15000
1996	42	7	4	2	713	100
1996	43	7	4	2	3073	2200
1996	44	7	4	2	457	500
1996	51	7	5	2	1548	2400
1996	52	7	5	2	68	400
1996	11	8	1	2	1424	1200
1996	31	8	3	2	3396	3300
1996	42	8	4	2	550	100
1996	43	8	4	2	2727	500
1996	44	8	4	2	363	0
1996	51	8	5	2	1165	1700
1996	52	8	5	2	160	500
1996	11	9	1	2	1506	5500
1996	31	9	3	2	3428	1600
1996	42	9	4	2	757	200
1996	43	9	4	2	2382	500
1996	44	9	4	2	329	100
1996	45	9	4	2	236	400
1996	51	9	5	2	2115	1400
1996	52	9	5	2	522	2800
1996	53	9	5	2	2	0
1996	11	10	1	2	1414	8800
1996	31	10	3	2	3136	2000
1996	41	10	4	2	3468	300
1996	42	10	4	2	675	0
1996	43	10	4	2	2029	300
1996	44	10	4	2	412	100
1996	45	10	4	2	67	200
1996	46	10	4	2	853	900
1996	51	10	5	2	1844	2200
1996	52	10	5	2	542	2300
1996	53	10	5	2	4	100
1996	11	11	1	1	1616	9000
1996	31	11	3	1	2714	2800
1996	42	11	4	1	478	300
1996	43	11	4	1	1530	700
1996	44	11	4	1	563	400
1996	45	11	4	1	67	500
1996	46	11	4	1	23	100
1996	51	11	5	1	972	400
1996	52	11	5	1	408	2700
1996	11	12	1	1	862	1200
1996	31	12	3	1	5463	14600
1996	42	12	4	1	581	2000
1996	43	12	4	1	2180	500
1996	45	12	4	1	62	400
1996	51	12	5	1	1311	1800
1996	52	12	5	1	465	3100
1996	53	12	5	1	15	0
1997	11	1	1	1	325	100
1997	31	1	3	1	670	3200
1997	42	1	4	1	784	2900
1997	51	1	5	1	1315	2200
1997	52	1	5	1	356	1900
1997	31	2	3	1	5862	5200
1997	42	2	4	1	620	1600
1997	43	2	4	1	987	200
1997	51	2	5	1	1590	3000
1997	52	2	5	1	288	1000
1997	11	3	1	1	480	300
1997	31	3	3	1	4742	600
1997	42	3	4	1	725	1000
1997	43	3	4	1	807	0
1997	51	3	5	1	1733	3600
1997	52	3	5	1	269	1500
1997	11	4	1	1	433	400
1997	42	4	4	1	599	2600
1997	43	4	4	1	535	100
1997	51	4	5	1	1720	3800
1997	52	4	5	1	129	1200
1997	11	5	1	1	1477	1200
1997	31	5	3	1	4606	6900
1997	42	5	4	1	725	2500
1997	51	5	5	1	1771	600
1997	52	5	5	1	293	1500
1997	11	6	1	2	1063	1100
1997	31	6	3	2	5786	23400
1997	42	6	4	2	713	100
1997	43	6	4	2	2559	200
1997	44	6	4	2	202	0
1997	51	6	5	2	1764	3300
1997	52	6	5	2	347	1000
1997	11	7	1	2	1518	1700
1997	31	7	3	2	4267	1800
1997	42	7	4	2	612	100
1997	44	7	4	2	490	400
1997	51	7	5	2	1787	4800
1997	52	7	5	2	203	300
1997	11	8	1	2	1996	700
1997	31	8	3	2	4235	2100
1997	44	8	4	2	428	200
1997	51	8	5	2	2433	2100
1997	52	8	5	2	500	1000
1997	53	8	5	2	31	0
1997	11	9	1	2	776	500
1997	31	9	3	2	2625	1100
1997	42	9	4	2	578	0
1997	44	9	4	2	442	200
1997	51	9	5	2	3228	17200
1997	52	9	5	2	588	1300
1997	11	10	1	2	1341	400
1997	51	10	5	2	3113	4200
1997	52	10	5	2	334	2600
1997	53	10	5	2	284	400
1997	11	11	1	1	438	1000
1997	31	11	3	1	2787	11500
1997	44	11	4	1	232	100
1997	51	11	5	1	1987	2000
1997	52	11	5	1	288	800
1997	53	11	5	1	121	100
1997	11	12	1	1	115	500
1997	31	12	3	1	8309	52200
1997	41	12	4	1	2679	37200
1997	42	12	4	1	629	3600
1997	53	12	5	1	85	200
1998	11	1	1	1	653	3500
1998	31	1	3	1	8300	23600
1998	41	1	4	1	3380	800
1998	42	1	4	1	691	1100
1998	43	1	4	1	1794	2000
1998	51	1	5	1	1850	5100
1998	52	1	5	1	100	200
1998	11	2	1	1	348	700
1998	31	2	3	1	7779	3200
1998	42	2	4	1	379	300
1998	43	2	4	1	1296	300
1998	44	2	4	1	285	100
1998	45	2	4	1	20	0
1998	51	2	5	1	2157	4400
1998	52	2	5	1	132	800
1998	11	3	1	1	418	600
1998	31	3	3	1	8097	2100
1998	42	3	4	1	400	600
1998	43	3	4	1	589	100
1998	44	3	4	1	360	100
1998	45	3	4	1	39	0
1998	51	3	5	1	2309	4800
1998	52	3	5	1	141	700
1998	11	4	1	1	249	0
1998	31	4	3	1	5410	12700
1998	42	4	4	1	294	1700
1998	43	4	4	1	306	100
1998	44	4	4	1	297	0
1998	51	4	5	1	1535	8100
1998	52	4	5	1	297	1000
1998	11	5	1	1	501	200
1998	31	5	3	1	6887	3500
1998	42	5	4	1	486	800
1998	43	5	4	1	935	0
1998	44	5	4	1	314	0
1998	45	5	4	1	26	0
1998	51	5	5	1	2445	9400
1998	52	5	5	1	169	1200
1998	11	6	1	2	386	100
1998	31	6	3	2	6187	5700
1998	42	6	4	2	855	100
1998	43	6	4	2	2058	100
1998	44	6	4	2	301	0
1998	45	6	4	2	24	0
1998	51	6	5	2	2183	5800
1998	52	6	5	2	393	100
1998	11	7	1	2	254	0
1998	31	7	3	2	4750	7500
1998	42	7	4	2	826	200
1998	43	7	4	2	3086	100
1998	44	7	4	2	310	0
1998	51	7	5	2	1745	700
1998	52	7	5	2	260	200
1998	11	8	1	2	442	400
1998	31	8	3	2	3742	5200
1998	42	8	4	2	1029	100
1998	51	8	5	2	2478	3000
1998	52	8	5	2	205	400
1998	53	8	5	2	45	0
1998	11	9	1	2	293	100
1998	31	9	3	2	2751	800
1998	43	9	4	2	2769	200
1998	44	9	4	2	627	0
1998	45	9	4	2	217	100
1998	51	9	5	2	2571	2700
1998	52	9	5	2	196	200
1998	53	9	5	2	25	0
1998	11	10	1	2	241	200
1998	31	10	3	2	1320	800
1998	42	10	4	2	645	200
1998	44	10	4	2	590	100
1998	45	10	4	2	82	0
1998	51	10	5	2	2917	6300
1998	52	10	5	2	337	0
1998	53	10	5	2	14	100
1998	11	11	1	1	442	600
1998	31	11	3	1	2585	1100
1998	42	11	4	1	515	100
1998	43	11	4	1	2063	0
1998	44	11	4	1	499	100
1998	51	11	5	1	2655	4600
1998	52	11	5	1	253	1800
1998	53	11	5	1	1	0
1998	11	12	1	1	157	200
1998	31	12	3	1	5767	10800
1998	41	12	4	1	2075	1400
1998	43	12	4	1	2227	100
1998	44	12	4	1	504	200
1998	51	12	5	1	2663	4000
1998	52	12	5	1	183	500
1999	11	1	1	1	71	300
1999	31	1	3	1	6303	14200
1999	41	1	4	1	1872	700
1999	42	1	4	1	447	4000
1999	43	1	4	1	2066	1300
1999	51	1	5	1	2735	17900
1999	52	1	5	1	247	900
1999	11	2	1	1	112	300
1999	31	2	3	1	7509	7300
1999	41	2	4	1	2920	200
1999	42	2	4	1	433	2200
1999	51	2	5	1	1834	11100
1999	52	2	5	1	244	1100
1999	11	3	1	1	119	300
1999	31	3	3	1	5643	1000
1999	41	3	4	1	2404	200
1999	42	3	4	1	409	300
1999	51	3	5	1	1147	8800
1999	11	4	1	1	409	2000
1999	31	4	3	1	4273	10300
1999	41	4	4	1	2057	0
1999	51	4	5	1	1502	4600
1999	52	4	5	1	148	2400
1999	11	5	1	1	475	1200
1999	31	5	3	1	8160	21700
1999	51	5	5	1	1071	4000
1999	52	5	5	1	198	1300
1999	11	6	1	2	748	1900
1999	31	6	3	2	5904	21400
1999	41	6	4	2	2355	0
1999	43	6	4	2	1888	0
1999	44	6	4	2	478	100
1999	51	6	5	2	815	2400
1999	11	7	1	2	1124	1200
1999	31	7	3	2	5155	5700
1999	41	7	4	2	2383	600
1999	43	7	4	2	2355	400
1999	44	7	4	2	520	100
1999	51	7	5	2	2440	6700
1999	52	7	5	2	207	300
1999	11	8	1	2	703	2400
1999	31	8	3	2	2362	3900
1999	41	8	4	2	1588	0
1999	42	8	4	2	405	500
1999	51	8	5	2	2741	4800
1999	52	8	5	2	23	100
1999	11	9	1	2	497	300
1999	31	9	3	2	1869	1500
1999	41	9	4	2	1326	200
1999	42	9	4	2	526	100
1999	44	9	4	2	867	0
1999	51	9	5	2	2953	6100
1999	52	9	5	2	5	200
1999	11	10	1	2	349	600
1999	31	10	3	2	641	2300
1999	42	10	4	2	624	200
1999	51	10	5	2	3383	4300
1999	52	10	5	2	284	1900
1999	11	11	1	1	462	1700
1999	31	11	3	1	3105	4500
1999	41	11	4	1	3068	500
1999	42	11	4	1	820	900
1999	43	11	4	1	2363	200
1999	44	11	4	1	335	200
1999	51	11	5	1	2987	5000
1999	52	11	5	1	203	1100
1999	11	12	1	1	322	400
1999	31	12	3	1	5424	2700
1999	41	12	4	1	3115	100
1999	42	12	4	1	825	200
1999	43	12	4	1	2533	200
1999	51	12	5	1	2934	5200
1999	52	12	5	1	169	3400
