date	jour	mois	annee	T_eau	T_air
01/01/1987	1	1	1987	7.537	9.800
02/01/1987	2	1	1987	6.430	5.300
03/01/1987	3	1	1987	6.946	3.800
04/01/1987	4	1	1987	6.946	4.500
05/01/1987	5	1	1987	7.906	4.500
06/01/1987	6	1	1987	7.700	5.800
07/01/1987	7	1	1987	7.200	2.800
08/01/1987	8	1	1987	7.500	0.300
09/01/1987	9	1	1987	7.700	0.000
10/01/1987	10	1	1987	6.500	0.500
11/01/1987	11	1	1987	5.500	-1.800
12/01/1987	12	1	1987	5.000	-9.800
13/01/1987	13	1	1987	5.000	-9.000
14/01/1987	14	1	1987	5.500	-6.000
15/01/1987	15	1	1987	5.500	-3.000
16/01/1987	16	1	1987	5.500	-3.300
17/01/1987	17	1	1987	5.000	-5.300
18/01/1987	18	1	1987	5.000	-5.500
19/01/1987	19	1	1987	5.000	-6.000
20/01/1987	20	1	1987	4.700	-5.000
21/01/1987	21	1	1987	4.700	-3.500
22/01/1987	22	1	1987	5.500	-3.300
23/01/1987	23	1	1987	6.000	2.500
24/01/1987	24	1	1987	5.700	0.800
25/01/1987	25	1	1987	5.700	0.500
26/01/1987	26	1	1987	4.363	1.000
27/01/1987	27	1	1987	3.625	1.000
28/01/1987	28	1	1987	4.216	0.000
29/01/1987	29	1	1987	3.625	0.800
30/01/1987	30	1	1987	3.478	0.000
31/01/1987	31	1	1987	3.256	-0.300
01/02/1987	1	2	1987	6.061	-0.500
02/02/1987	2	2	1987	4.954	3.300
03/02/1987	3	2	1987	7.537	1.800
04/02/1987	4	2	1987	7.684	5.300
05/02/1987	5	2	1987	7.906	5.500
06/02/1987	6	2	1987	9.898	5.800
07/02/1987	7	2	1987	10.858	8.500
08/02/1987	8	2	1987	11.374	9.800
09/02/1987	9	2	1987	8.000	10.500
10/02/1987	10	2	1987	7.700	7.000
11/02/1987	11	2	1987	7.200	4.000
12/02/1987	12	2	1987	7.200	4.500
13/02/1987	13	2	1987	7.200	3.000
14/02/1987	14	2	1987	6.500	5.500
15/02/1987	15	2	1987	6.000	1.000
16/02/1987	16	2	1987	6.000	-0.300
17/02/1987	17	2	1987	6.000	0.800
18/02/1987	18	2	1987	5.700	0.300
19/02/1987	19	2	1987	5.700	-0.800
20/02/1987	20	2	1987	5.700	0.800
21/02/1987	21	2	1987	5.200	1.500
22/02/1987	22	2	1987	5.500	2.500
23/02/1987	23	2	1987	6.000	4.000
24/02/1987	24	2	1987	6.000	3.000
25/02/1987	25	2	1987	6.000	3.000
26/02/1987	26	2	1987	6.700	6.500
27/02/1987	27	2	1987	7.700	9.000
28/02/1987	28	2	1987	7.700	9.000
01/03/1987	1	3	1987	8.000	10.500
02/03/1987	2	3	1987	7.500	8.300
03/03/1987	3	3	1987	7.000	4.000
04/03/1987	4	3	1987	6.700	1.800
05/03/1987	5	3	1987	7.200	4.000
06/03/1987	6	3	1987	7.200	4.300
07/03/1987	7	3	1987	7.000	4.300
08/03/1987	8	3	1987	7.000	5.500
09/03/1987	9	3	1987	7.000	6.000
10/03/1987	10	3	1987	7.000	4.300
11/03/1987	11	3	1987	6.700	3.800
12/03/1987	12	3	1987	6.700	3.800
13/03/1987	13	3	1987	6.500	0.300
14/03/1987	14	3	1987	6.200	2.500
15/03/1987	15	3	1987	6.700	0.800
16/03/1987	16	3	1987	7.000	3.800
17/03/1987	17	3	1987	7.000	5.500
18/03/1987	18	3	1987	7.000	6.500
19/03/1987	19	3	1987	7.000	3.000
20/03/1987	20	3	1987	6.700	3.000
21/03/1987	21	3	1987	7.000	5.000
22/03/1987	22	3	1987	7.500	4.500
23/03/1987	23	3	1987	7.500	10.000
24/03/1987	24	3	1987	8.000	11.500
25/03/1987	25	3	1987	8.200	11.000
26/03/1987	26	3	1987	8.500	6.000
27/03/1987	27	3	1987	8.500	9.800
28/03/1987	28	3	1987	7.700	7.300
29/03/1987	29	3	1987	7.700	5.800
30/03/1987	30	3	1987	8.500	4.500
31/03/1987	31	3	1987	8.000	7.000
01/04/1987	1	4	1987	8.500	7.500
02/04/1987	2	4	1987	9.500	6.000
03/04/1987	3	4	1987	9.500	8.800
04/04/1987	4	4	1987	10.415	8.000
05/04/1987	5	4	1987	11.227	7.500
06/04/1987	6	4	1987	11.891	10.500
07/04/1987	7	4	1987	11.596	11.000
08/04/1987	8	4	1987	11.522	11.300
09/04/1987	9	4	1987	11.005	10.000
10/04/1987	10	4	1987	9.825	9.000
11/04/1987	11	4	1987	9.308	10.800
12/04/1987	12	4	1987	10.120	8.000
13/04/1987	13	4	1987	11.448	8.000
14/04/1987	14	4	1987	10.120	12.300
15/04/1987	15	4	1987	13.146	10.300
16/04/1987	16	4	1987	14.769	12.000
17/04/1987	17	4	1987	13.957	14.500
18/04/1987	18	4	1987	12.334	14.500
19/04/1987	19	4	1987	10.636	15.000
20/04/1987	20	4	1987	11.227	10.000
21/04/1987	21	4	1987	13.367	9.800
22/04/1987	22	4	1987	12.998	10.000
23/04/1987	23	4	1987	17.131	11.500
24/04/1987	24	4	1987	15.655	14.500
25/04/1987	25	4	1987	13.515	15.300
26/04/1987	26	4	1987	15.433	12.000
27/04/1987	27	4	1987	16.614	13.300
28/04/1987	28	4	1987	15.286	14.800
29/04/1987	29	4	1987	13.072	15.500
30/04/1987	30	4	1987	12.850	12.500
01/05/1987	1	5	1987	11.005	12.500
02/05/1987	2	5	1987	9.898	10.000
03/05/1987	3	5	1987	7.315	8.500
04/05/1987	4	5	1987	9.529	5.000
05/05/1987	5	5	1987	11.596	8.000
06/05/1987	6	5	1987	11.743	10.800
07/05/1987	7	5	1987	11.743	11.000
08/05/1987	8	5	1987	13.810	11.000
09/05/1987	9	5	1987	11.005	13.800
10/05/1987	10	5	1987	8.644	10.000
11/05/1987	11	5	1987	10.858	6.800
12/05/1987	12	5	1987	11.700	9.800
13/05/1987	13	5	1987	10.500	8.500
14/05/1987	14	5	1987	11.500	7.800
15/05/1987	15	5	1987	11.200	10.000
16/05/1987	16	5	1987	11.000	7.000
17/05/1987	17	5	1987	11.500	8.300
18/05/1987	18	5	1987	12.700	10.300
19/05/1987	19	5	1987	12.000	11.300
20/05/1987	20	5	1987	11.700	8.300
21/05/1987	21	5	1987	12.000	9.300
22/05/1987	22	5	1987	11.500	8.500
23/05/1987	23	5	1987	12.500	9.500
24/05/1987	24	5	1987	13.000	11.500
25/05/1987	25	5	1987	14.000	12.800
26/05/1987	26	5	1987	13.500	14.300
27/05/1987	27	5	1987	13.500	13.800
28/05/1987	28	5	1987	14.500	13.300
29/05/1987	29	5	1987	15.500	15.500
30/05/1987	30	5	1987	15.000	15.000
31/05/1987	31	5	1987	13.500	13.500
01/06/1987	1	6	1987	14.200	12.800
02/06/1987	2	6	1987	14.500	13.500
03/06/1987	3	6	1987	14.500	14.300
04/06/1987	4	6	1987	15.000	14.000
05/06/1987	5	6	1987	13.500	12.500
06/06/1987	6	6	1987	13.000	12.500
07/06/1987	7	6	1987	13.500	12.500
08/06/1987	8	6	1987	12.200	12.000
09/06/1987	9	6	1987	12.700	10.800
10/06/1987	10	6	1987	14.000	10.300
11/06/1987	11	6	1987	15.000	11.500
12/06/1987	12	6	1987	13.500	11.500
13/06/1987	13	6	1987	13.200	13.500
14/06/1987	14	6	1987	13.200	11.000
15/06/1987	15	6	1987	13.200	11.300
16/06/1987	16	6	1987	13.000	11.300
17/06/1987	17	6	1987	13.000	11.300
18/06/1987	18	6	1987	14.500	12.500
19/06/1987	19	6	1987	14.700	13.000
20/06/1987	20	6	1987	14.000	14.000
21/06/1987	21	6	1987	14.500	14.000
22/06/1987	22	6	1987	14.500	13.800
23/06/1987	23	6	1987	14.500	16.000
24/06/1987	24	6	1987	15.000	15.000
25/06/1987	25	6	1987	15.200	16.000
26/06/1987	26	6	1987	16.200	16.500
27/06/1987	27	6	1987	18.500	17.000
28/06/1987	28	6	1987	18.500	20.300
29/06/1987	29	6	1987	18.607	23.800
30/06/1987	30	6	1987	17.200	20.300
01/07/1987	1	7	1987	17.000	16.800
02/07/1987	2	7	1987	17.000	16.000
03/07/1987	3	7	1987	17.500	16.800
04/07/1987	4	7	1987	18.000	18.000
05/07/1987	5	7	1987	18.500	20.500
06/07/1987	6	7	1987	18.500	22.000
07/07/1987	7	7	1987	18.500	19.500
08/07/1987	8	7	1987	16.024	18.000
09/07/1987	9	7	1987	16.909	16.800
10/07/1987	10	7	1987	18.016	18.000
11/07/1987	11	7	1987	16.540	19.500
12/07/1987	12	7	1987	16.909	17.500
13/07/1987	13	7	1987	19.123	18.000
14/07/1987	14	7	1987	17.500	21.000
15/07/1987	15	7	1987	18.000	20.000
16/07/1987	16	7	1987	19.000	17.000
17/07/1987	17	7	1987	18.000	15.500
18/07/1987	18	7	1987	17.500	14.800
19/07/1987	19	7	1987	18.000	14.500
20/07/1987	20	7	1987	15.360	14.500
21/07/1987	21	7	1987	14.695	16.000
22/07/1987	22	7	1987	16.171	15.000
23/07/1987	23	7	1987	16.171	17.000
24/07/1987	24	7	1987	15.286	17.000
25/07/1987	25	7	1987	14.326	15.800
26/07/1987	26	7	1987	14.917	14.500
27/07/1987	27	7	1987	15.802	15.300
28/07/1987	28	7	1987	16.393	16.500
29/07/1987	29	7	1987	15.433	17.300
30/07/1987	30	7	1987	15.433	16.000
31/07/1987	31	7	1987	15.802	16.500
01/08/1987	1	8	1987	16.171	16.500
02/08/1987	2	8	1987	16.540	17.000
03/08/1987	3	8	1987	15.700	17.500
04/08/1987	4	8	1987	15.200	13.800
05/08/1987	5	8	1987	15.200	13.000
06/08/1987	6	8	1987	15.200	13.500
07/08/1987	7	8	1987	15.700	13.500
08/08/1987	8	8	1987	15.500	13.800
09/08/1987	9	8	1987	15.500	16.300
10/08/1987	10	8	1987	15.000	14.800
11/08/1987	11	8	1987	15.200	13.500
12/08/1987	12	8	1987	17.000	16.500
13/08/1987	13	8	1987	17.000	18.500
14/08/1987	14	8	1987	17.200	16.500
15/08/1987	15	8	1987	17.500	17.500
16/08/1987	16	8	1987	18.700	20.000
17/08/1987	17	8	1987	18.200	23.500
18/08/1987	18	8	1987	18.000	19.800
19/08/1987	19	8	1987	18.700	20.300
20/08/1987	20	8	1987	19.000	21.800
21/08/1987	21	8	1987	19.000	22.500
22/08/1987	22	8	1987	17.500	19.000
23/08/1987	23	8	1987	17.000	18.000
24/08/1987	24	8	1987	16.700	15.800
25/08/1987	25	8	1987	16.000	16.000
26/08/1987	26	8	1987	15.500	15.500
27/08/1987	27	8	1987	15.500	13.800
28/08/1987	28	8	1987	15.500	12.500
29/08/1987	29	8	1987	16.500	16.000
30/08/1987	30	8	1987	16.000	18.800
31/08/1987	31	8	1987	18.250	20.300
01/09/1987	1	9	1987	17.700	17.800
02/09/1987	2	9	1987	18.200	18.800
03/09/1987	3	9	1987	17.200	19.000
04/09/1987	4	9	1987	16.200	15.500
05/09/1987	5	9	1987	15.700	14.800
06/09/1987	6	9	1987	16.500	14.500
07/09/1987	7	9	1987	16.700	19.300
08/09/1987	8	9	1987	16.500	15.800
09/09/1987	9	9	1987	16.500	15.300
10/09/1987	10	9	1987	17.000	17.000
11/09/1987	11	9	1987	17.500	18.500
12/09/1987	12	9	1987	18.200	20.000
13/09/1987	13	9	1987	17.500	19.300
14/09/1987	14	9	1987	16.500	17.300
15/09/1987	15	9	1987	16.700	16.300
16/09/1987	16	9	1987	18.500	19.000
17/09/1987	17	9	1987	18.200	21.300
18/09/1987	18	9	1987	19.500	19.500
19/09/1987	19	9	1987	18.500	20.800
20/09/1987	20	9	1987	18.200	19.800
21/09/1987	21	9	1987	17.700	19.000
22/09/1987	22	9	1987	16.700	17.300
23/09/1987	23	9	1987	15.000	15.300
24/09/1987	24	9	1987	14.200	14.000
25/09/1987	25	9	1987	13.000	11.800
26/09/1987	26	9	1987	12.000	9.300
27/09/1987	27	9	1987	12.700	9.000
28/09/1987	28	9	1987	11.500	9.500
29/09/1987	29	9	1987	11.000	9.300
30/09/1987	30	9	1987	12.000	8.500
01/10/1987	1	10	1987	13.500	9.800
02/10/1987	2	10	1987	14.500	13.000
03/10/1987	3	10	1987	15.200	15.000
04/10/1987	4	10	1987	15.200	16.300
05/10/1987	5	10	1987	14.000	15.300
06/10/1987	6	10	1987	12.700	14.300
07/10/1987	7	10	1987	12.700	12.000
08/10/1987	8	10	1987	13.000	10.300
09/10/1987	9	10	1987	13.200	12.300
10/10/1987	10	10	1987	11.700	13.000
11/10/1987	11	10	1987	11.500	7.000
12/10/1987	12	10	1987	12.500	9.500
13/10/1987	13	10	1987	11.700	12.000
14/10/1987	14	10	1987	13.500	9.500
15/10/1987	15	10	1987	14.500	12.800
16/10/1987	16	10	1987	13.200	11.300
17/10/1987	17	10	1987	13.000	13.000
18/10/1987	18	10	1987	14.200	13.300
19/10/1987	19	10	1987	14.000	11.000
20/10/1987	20	10	1987	12.000	14.500
21/10/1987	21	10	1987	11.500	11.800
22/10/1987	22	10	1987	11.000	9.300
23/10/1987	23	10	1987	10.700	7.500
24/10/1987	24	10	1987	12.200	7.300
25/10/1987	25	10	1987	14.000	6.800
26/10/1987	26	10	1987	13.200	8.000
27/10/1987	27	10	1987	13.200	14.300
28/10/1987	28	10	1987	12.200	10.800
29/10/1987	29	10	1987	13.500	5.000
30/10/1987	30	10	1987	13.500	11.500
31/10/1987	31	10	1987	12.000	10.800
01/11/1987	1	11	1987	13.500	9.500
02/11/1987	2	11	1987	14.500	10.800
03/11/1987	3	11	1987	15.200	9.000
04/11/1987	4	11	1987	15.200	6.800
05/11/1987	5	11	1987	14.000	5.500
06/11/1987	6	11	1987	12.700	3.500
07/11/1987	7	11	1987	12.700	3.800
08/11/1987	8	11	1987	13.000	4.800
09/11/1987	9	11	1987	13.200	6.000
10/11/1987	10	11	1987	11.700	9.500
11/11/1987	11	11	1987	11.500	9.000
12/11/1987	12	11	1987	12.500	9.300
13/11/1987	13	11	1987	11.700	6.000
14/11/1987	14	11	1987	13.500	7.500
15/11/1987	15	11	1987	14.500	7.500
16/11/1987	16	11	1987	13.200	12.800
17/11/1987	17	11	1987	13.000	8.000
18/11/1987	18	11	1987	14.200	9.800
19/11/1987	19	11	1987	14.000	9.500
20/11/1987	20	11	1987	12.000	9.000
21/11/1987	21	11	1987	11.500	8.000
22/11/1987	22	11	1987	11.000	8.500
23/11/1987	23	11	1987	10.700	4.300
24/11/1987	24	11	1987	12.200	4.500
25/11/1987	25	11	1987	14.000	4.500
26/11/1987	26	11	1987	13.200	6.000
27/11/1987	27	11	1987	11.200	4.000
28/11/1987	28	11	1987	12.200	1.500
29/11/1987	29	11	1987	13.500	1.500
30/11/1987	30	11	1987	13.000	0.500
01/12/1987	1	12	1987	12.500	1.300
02/12/1987	2	12	1987	11.500	0.500
03/12/1987	3	12	1987	10.500	2.500
04/12/1987	4	12	1987	10.000	6.500
05/12/1987	5	12	1987	9.700	7.000
06/12/1987	6	12	1987	9.700	7.000
07/12/1987	7	12	1987	10.500	3.800
08/12/1987	8	12	1987	11.500	0.300
09/12/1987	9	12	1987	11.500	-3.000
10/12/1987	10	12	1987	11.500	-4.800
11/12/1987	11	12	1987	11.000	0.000
12/12/1987	12	12	1987	10.700	1.500
13/12/1987	13	12	1987	11.500	-1.000
14/12/1987	14	12	1987	13.200	1.500
15/12/1987	15	12	1987	12.000	7.500
16/12/1987	16	12	1987	12.500	11.800
17/12/1987	17	12	1987	12.700	13.800
18/12/1987	18	12	1987	12.500	14.000
19/12/1987	19	12	1987	12.000	9.000
20/12/1987	20	12	1987	12.000	8.000
21/12/1987	21	12	1987	12.000	8.000
22/12/1987	22	12	1987	11.000	6.500
23/12/1987	23	12	1987	10.200	3.500
24/12/1987	24	12	1987	10.500	5.500
25/12/1987	25	12	1987	10.200	8.500
26/12/1987	26	12	1987	10.000	5.500
27/12/1987	27	12	1987	9.500	8.500
28/12/1987	28	12	1987	9.200	9.300
29/12/1987	29	12	1987	9.200	9.500
30/12/1987	30	12	1987	8.500	12.000
31/12/1987	31	12	1987	12.000	9.500
01/01/1988	1	1	1988	13.700	9.500
02/01/1988	2	1	1988	12.500	9.300
03/01/1988	3	1	1988	12.500	8.800
04/01/1988	4	1	1988	13.500	8.800
05/01/1988	5	1	1988	12.500	10.000
06/01/1988	6	1	1988	11.000	8.300
07/01/1988	7	1	1988	11.000	5.300
08/01/1988	8	1	1988	13.000	4.300
09/01/1988	9	1	1988	12.700	6.800
10/01/1988	10	1	1988	11.700	7.800
11/01/1988	11	1	1988	10.500	5.500
12/01/1988	12	1	1988	11.200	3.300
13/01/1988	13	1	1988	11.200	5.500
14/01/1988	14	1	1988	10.700	6.500
15/01/1988	15	1	1988	10.700	3.500
16/01/1988	16	1	1988	11.700	7.000
17/01/1988	17	1	1988	12.000	5.000
18/01/1988	18	1	1988	11.700	5.000
19/01/1988	19	1	1988	12.500	6.800
20/01/1988	20	1	1988	12.200	6.000
21/01/1988	21	1	1988	10.700	7.000
22/01/1988	22	1	1988	5.166	6.000
23/01/1988	23	1	1988	6.642	7.000
24/01/1988	24	1	1988	7.011	9.000
25/01/1988	25	1	1988	5.756	9.500
26/01/1988	26	1	1988	4.797	7.800
27/01/1988	27	1	1988	7.380	6.500
28/01/1988	28	1	1988	5.535	10.000
29/01/1988	29	1	1988	4.797	7.500
30/01/1988	30	1	1988	4.649	6.500
31/01/1988	31	1	1988	7.906	6.300
01/02/1988	1	2	1988	9.160	5.800
02/02/1988	2	2	1988	9.160	7.500
03/02/1988	3	2	1988	9.382	7.500
04/02/1988	4	2	1988	8.644	7.800
05/02/1988	5	2	1988	8.275	6.800
06/02/1988	6	2	1988	7.315	6.300
07/02/1988	7	2	1988	8.275	5.000
08/02/1988	8	2	1988	8.791	6.300
09/02/1988	9	2	1988	7.315	7.000
10/02/1988	10	2	1988	6.946	5.000
11/02/1988	11	2	1988	7.315	4.500
12/02/1988	12	2	1988	6.946	5.000
13/02/1988	13	2	1988	10.267	4.500
14/02/1988	14	2	1988	9.013	9.000
15/02/1988	15	2	1988	7.684	7.300
16/02/1988	16	2	1988	5.839	5.500
17/02/1988	17	2	1988	6.577	3.000
18/02/1988	18	2	1988	9.160	4.000
19/02/1988	19	2	1988	6.577	7.500
20/02/1988	20	2	1988	6.577	4.000
21/02/1988	21	2	1988	6.946	4.000
22/02/1988	22	2	1988	6.208	4.500
23/02/1988	23	2	1988	5.839	3.500
24/02/1988	24	2	1988	5.470	3.000
25/02/1988	25	2	1988	4.363	2.500
26/02/1988	26	2	1988	5.839	1.000
27/02/1988	27	2	1988	6.577	3.000
28/02/1988	28	2	1988	5.839	4.000
29/02/1988	29	2	1988	5.101	3.000
01/03/1988	1	3	1988	4.732	2.000
02/03/1988	2	3	1988	6.430	1.500
03/03/1988	3	3	1988	5.101	3.800
04/03/1988	4	3	1988	3.994	2.000
05/03/1988	5	3	1988	8.053	0.500
06/03/1988	6	3	1988	8.791	6.000
07/03/1988	7	3	1988	9.382	7.000
08/03/1988	8	3	1988	9.751	7.800
09/03/1988	9	3	1988	7.906	8.300
10/03/1988	10	3	1988	6.577	5.800
11/03/1988	11	3	1988	8.053	4.000
12/03/1988	12	3	1988	8.422	6.000
13/03/1988	13	3	1988	8.644	6.500
14/03/1988	14	3	1988	10.120	6.800
15/03/1988	15	3	1988	9.898	8.800
16/03/1988	16	3	1988	10.267	8.500
17/03/1988	17	3	1988	11.374	9.000
18/03/1988	18	3	1988	11.374	10.500
19/03/1988	19	3	1988	11.374	10.500
20/03/1988	20	3	1988	11.227	10.500
21/03/1988	21	3	1988	10.636	10.300
22/03/1988	22	3	1988	10.636	9.500
23/03/1988	23	3	1988	10.858	9.500
24/03/1988	24	3	1988	9.751	9.800
25/03/1988	25	3	1988	9.529	8.300
26/03/1988	26	3	1988	9.160	8.000
27/03/1988	27	3	1988	7.537	7.500
28/03/1988	28	3	1988	8.644	5.300
29/03/1988	29	3	1988	8.791	6.800
30/03/1988	30	3	1988	8.644	7.000
31/03/1988	31	3	1988	8.275	6.800
01/04/1988	1	4	1988	10.267	6.300
02/04/1988	2	4	1988	10.267	9.000
03/04/1988	3	4	1988	10.267	9.000
04/04/1988	4	4	1988	9.529	9.000
05/04/1988	5	4	1988	9.751	8.000
06/04/1988	6	4	1988	10.267	8.300
07/04/1988	7	4	1988	9.898	9.000
08/04/1988	8	4	1988	11.005	8.500
09/04/1988	9	4	1988	9.160	10.000
10/04/1988	10	4	1988	9.382	7.500
11/04/1988	11	4	1988	9.382	7.800
12/04/1988	12	4	1988	11.700	7.800
13/04/1988	13	4	1988	11.000	9.500
14/04/1988	14	4	1988	12.500	8.800
15/04/1988	15	4	1988	13.200	11.500
16/04/1988	16	4	1988	14.000	14.500
17/04/1988	17	4	1988	14.700	14.500
18/04/1988	18	4	1988	14.500	17.000
19/04/1988	19	4	1988	12.500	12.500
20/04/1988	20	4	1988	12.500	13.300
21/04/1988	21	4	1988	12.850	13.000
22/04/1988	22	4	1988	12.112	12.500
23/04/1988	23	4	1988	9.529	11.500
24/04/1988	24	4	1988	9.160	8.000
25/04/1988	25	4	1988	8.644	7.500
26/04/1988	26	4	1988	12.500	6.800
27/04/1988	27	4	1988	13.000	7.800
28/04/1988	28	4	1988	13.000	9.500
29/04/1988	29	4	1988	13.000	11.500
30/04/1988	30	4	1988	13.500	11.500
01/05/1988	1	5	1988	14.000	11.500
02/05/1988	2	5	1988	13.700	11.800
03/05/1988	3	5	1988	14.000	12.000
04/05/1988	4	5	1988	13.500	12.800
05/05/1988	5	5	1988	15.000	11.000
06/05/1988	6	5	1988	16.700	13.000
07/05/1988	7	5	1988	16.700	17.500
08/05/1988	8	5	1988	15.500	18.500
09/05/1988	9	5	1988	13.500	12.500
10/05/1988	10	5	1988	14.000	12.000
11/05/1988	11	5	1988	14.500	13.300
12/05/1988	12	5	1988	14.500	11.800
13/05/1988	13	5	1988	16.000	15.000
14/05/1988	14	5	1988	16.200	15.000
15/05/1988	15	5	1988	17.000	15.000
16/05/1988	16	5	1988	16.500	15.800
17/05/1988	17	5	1988	15.500	15.300
18/05/1988	18	5	1988	13.000	12.800
19/05/1988	19	5	1988	12.500	10.800
20/05/1988	20	5	1988	13.500	11.300
21/05/1988	21	5	1988	14.200	12.500
22/05/1988	22	5	1988	15.200	12.000
23/05/1988	23	5	1988	15.700	14.500
24/05/1988	24	5	1988	15.500	15.500
25/05/1988	25	5	1988	16.200	15.500
26/05/1988	26	5	1988	15.200	15.300
27/05/1988	27	5	1988	13.500	11.800
28/05/1988	28	5	1988	14.000	11.000
29/05/1988	29	5	1988	14.500	11.000
30/05/1988	30	5	1988	13.700	12.000
31/05/1988	31	5	1988	13.700	11.300
01/06/1988	1	6	1988	15.000	11.000
02/06/1988	2	6	1988	16.000	16.000
03/06/1988	3	6	1988	15.000	15.000
04/06/1988	4	6	1988	14.500	13.000
05/06/1988	5	6	1988	14.000	13.000
06/06/1988	6	6	1988	14.000	11.000
07/06/1988	7	6	1988	14.700	11.000
08/06/1988	8	6	1988	16.000	13.300
09/06/1988	9	6	1988	18.700	16.000
10/06/1988	10	6	1988	17.200	18.500
11/06/1988	11	6	1988	15.700	16.000
12/06/1988	12	6	1988	17.000	16.000
13/06/1988	13	6	1988	17.700	15.500
14/06/1988	14	6	1988	19.000	17.800
15/06/1988	15	6	1988	19.200	17.000
16/06/1988	16	6	1988	17.000	16.500
17/06/1988	17	6	1988	16.700	14.500
18/06/1988	18	6	1988	16.700	14.000
19/06/1988	19	6	1988	17.869	15.500
20/06/1988	20	6	1988	18.700	19.300
21/06/1988	21	6	1988	18.700	21.300
22/06/1988	22	6	1988	18.700	16.800
23/06/1988	23	6	1988	16.700	16.300
24/06/1988	24	6	1988	17.000	13.800
25/06/1988	25	6	1988	18.200	15.000
26/06/1988	26	6	1988	17.000	16.500
27/06/1988	27	6	1988	16.500	15.500
28/06/1988	28	6	1988	18.500	13.500
29/06/1988	29	6	1988	18.500	16.000
30/06/1988	30	6	1988	17.700	17.300
01/07/1988	1	7	1988	18.000	15.800
02/07/1988	2	7	1988	15.200	14.000
03/07/1988	3	7	1988	16.700	12.500
04/07/1988	4	7	1988	17.500	15.000
05/07/1988	5	7	1988	16.700	15.500
06/07/1988	6	7	1988	18.200	15.300
07/07/1988	7	7	1988	16.000	15.800
08/07/1988	8	7	1988	17.500	13.500
09/07/1988	9	7	1988	17.500	15.000
10/07/1988	10	7	1988	18.200	16.300
11/07/1988	11	7	1988	18.000	15.500
12/07/1988	12	7	1988	17.200	15.000
13/07/1988	13	7	1988	16.000	15.300
14/07/1988	14	7	1988	17.000	14.500
15/07/1988	15	7	1988	15.500	13.000
16/07/1988	16	7	1988	17.200	12.500
17/07/1988	17	7	1988	18.200	15.300
18/07/1988	18	7	1988	16.762	16.000
19/07/1988	19	7	1988	19.500	17.800
20/07/1988	20	7	1988	19.200	16.000
21/07/1988	21	7	1988	20.700	18.800
22/07/1988	22	7	1988	22.000	19.000
23/07/1988	23	7	1988	18.000	20.000
24/07/1988	24	7	1988	18.500	15.800
25/07/1988	25	7	1988	18.000	17.000
26/07/1988	26	7	1988	17.000	17.000
27/07/1988	27	7	1988	18.700	13.300
28/07/1988	28	7	1988	17.000	16.800
29/07/1988	29	7	1988	16.000	14.500
30/07/1988	30	7	1988	13.957	13.000
31/07/1988	31	7	1988	16.171	14.000
01/08/1988	1	8	1988	15.064	17.000
02/08/1988	2	8	1988	13.810	15.500
03/08/1988	3	8	1988	12.703	13.800
04/08/1988	4	8	1988	16.171	12.300
05/08/1988	5	8	1988	16.909	17.000
06/08/1988	6	8	1988	19.123	18.000
07/08/1988	7	8	1988	19.492	21.000
08/08/1988	8	8	1988	15.655	21.500
09/08/1988	9	8	1988	17.278	16.300
10/08/1988	10	8	1988	16.909	18.500
11/08/1988	11	8	1988	16.024	18.000
12/08/1988	12	8	1988	15.802	16.800
13/08/1988	13	8	1988	14.917	16.500
14/08/1988	14	8	1988	16.909	15.300
15/08/1988	15	8	1988	18.385	18.000
16/08/1988	16	8	1988	18.754	20.000
17/08/1988	17	8	1988	17.500	20.500
18/08/1988	18	8	1988	16.540	18.800
19/08/1988	19	8	1988	14.917	17.500
20/08/1988	20	8	1988	13.072	15.300
21/08/1988	21	8	1988	13.957	12.800
22/08/1988	22	8	1988	14.548	14.000
23/08/1988	23	8	1988	15.064	14.800
24/08/1988	24	8	1988	13.072	15.500
25/08/1988	25	8	1988	14.917	12.800
26/08/1988	26	8	1988	17.869	15.300
27/08/1988	27	8	1988	14.695	19.300
28/08/1988	28	8	1988	13.957	15.000
29/08/1988	29	8	1988	12.850	14.000
30/08/1988	30	8	1988	14.548	12.500
31/08/1988	31	8	1988	17.200	14.800
01/09/1988	1	9	1988	16.500	15.500
02/09/1988	2	9	1988	15.200	13.000
03/09/1988	3	9	1988	17.700	13.000
04/09/1988	4	9	1988	18.000	15.500
05/09/1988	5	9	1988	18.016	20.000
06/09/1988	6	9	1988	19.492	19.500
07/09/1988	7	9	1988	19.500	21.500
08/09/1988	8	9	1988	16.500	21.500
09/09/1988	9	9	1988	17.000	17.800
10/09/1988	10	9	1988	14.700	15.000
11/09/1988	11	9	1988	12.700	14.000
12/09/1988	12	9	1988	11.500	10.800
13/09/1988	13	9	1988	11.700	10.300
14/09/1988	14	9	1988	13.500	10.000
15/09/1988	15	9	1988	14.700	12.300
16/09/1988	16	9	1988	14.700	14.000
17/09/1988	17	9	1988	16.000	13.500
18/09/1988	18	9	1988	17.500	16.000
19/09/1988	19	9	1988	13.219	12.000
20/09/1988	20	9	1988	13.957	13.000
21/09/1988	21	9	1988	13.588	14.000
22/09/1988	22	9	1988	15.064	13.500
23/09/1988	23	9	1988	13.072	15.500
24/09/1988	24	9	1988	15.064	12.800
25/09/1988	25	9	1988	15.286	15.500
26/09/1988	26	9	1988	15.286	15.800
27/09/1988	27	9	1988	13.957	15.800
28/09/1988	28	9	1988	11.743	14.800
29/09/1988	29	9	1988	10.120	11.800
30/09/1988	30	9	1988	9.898	8.800
01/10/1988	1	10	1988	10.858	8.500
02/10/1988	2	10	1988	11.743	9.800
03/10/1988	3	10	1988	12.481	11.000
04/10/1988	4	10	1988	12.850	12.000
05/10/1988	5	10	1988	12.703	12.500
06/10/1988	6	10	1988	11.965	12.300
07/10/1988	7	10	1988	11.965	11.300
08/10/1988	8	10	1988	13.588	11.300
09/10/1988	9	10	1988	11.596	13.500
10/10/1988	10	10	1988	11.227	10.800
11/10/1988	11	10	1988	11.596	10.300
12/10/1988	12	10	1988	11.374	10.800
13/10/1988	13	10	1988	13.810	10.500
14/10/1988	14	10	1988	14.917	13.800
15/10/1988	15	10	1988	14.326	15.300
16/10/1988	16	10	1988	15.802	14.500
17/10/1988	17	10	1988	15.433	16.500
18/10/1988	18	10	1988	14.326	16.000
19/10/1988	19	10	1988	12.481	14.500
20/10/1988	20	10	1988	11.374	12.000
21/10/1988	21	10	1988	12.481	10.500
22/10/1988	22	10	1988	12.481	12.000
23/10/1988	23	10	1988	13.810	12.000
24/10/1988	24	10	1988	14.179	13.800
25/10/1988	25	10	1988	14.917	14.300
26/10/1988	26	10	1988	13.810	15.300
27/10/1988	27	10	1988	11.965	13.800
28/10/1988	28	10	1988	13.072	11.300
29/10/1988	29	10	1988	8.422	12.800
30/10/1988	30	10	1988	6.946	6.500
31/10/1988	31	10	1988	7.315	4.500
01/11/1988	1	11	1988	6.577	5.000
02/11/1988	2	11	1988	5.470	4.000
03/11/1988	3	11	1988	6.430	2.500
04/11/1988	4	11	1988	6.577	3.800
05/11/1988	5	11	1988	6.500	4.000
06/11/1988	6	11	1988	6.500	6.300
07/11/1988	7	11	1988	7.000	4.300
08/11/1988	8	11	1988	9.200	9.000
09/11/1988	9	11	1988	10.500	10.000
10/11/1988	10	11	1988	11.500	13.500
11/11/1988	11	11	1988	12.000	15.000
12/11/1988	12	11	1988	10.700	12.300
13/11/1988	13	11	1988	7.200	8.800
14/11/1988	14	11	1988	5.500	5.300
15/11/1988	15	11	1988	5.700	4.800
16/11/1988	16	11	1988	6.000	7.300
17/11/1988	17	11	1988	8.000	7.000
18/11/1988	18	11	1988	8.500	11.300
19/11/1988	19	11	1988	7.200	7.800
20/11/1988	20	11	1988	6.200	7.500
21/11/1988	21	11	1988	5.000	2.300
22/11/1988	22	11	1988	3.700	0.300
23/11/1988	23	11	1988	3.200	2.300
24/11/1988	24	11	1988	3.200	3.800
25/11/1988	25	11	1988	3.000	5.500
26/11/1988	26	11	1988	2.500	3.000
27/11/1988	27	11	1988	3.000	0.800
28/11/1988	28	11	1988	7.000	5.500
29/11/1988	29	11	1988	10.000	10.500
30/11/1988	30	11	1988	10.636	11.800
01/12/1988	1	12	1988	8.791	9.500
02/12/1988	2	12	1988	9.382	7.000
03/12/1988	3	12	1988	11.374	7.800
04/12/1988	4	12	1988	11.374	10.500
05/12/1988	5	12	1988	9.013	10.500
06/12/1988	6	12	1988	8.053	7.300
07/12/1988	7	12	1988	8.053	6.000
08/12/1988	8	12	1988	11.227	6.000
09/12/1988	9	12	1988	10.120	10.300
10/12/1988	10	12	1988	10.636	8.800
11/12/1988	11	12	1988	11.005	9.500
12/12/1988	12	12	1988	6.799	10.000
13/12/1988	13	12	1988	10.267	4.300
14/12/1988	14	12	1988	8.422	9.000
15/12/1988	15	12	1988	8.422	6.500
16/12/1988	16	12	1988	8.422	6.500
17/12/1988	17	12	1988	7.684	6.500
18/12/1988	18	12	1988	10.267	5.500
19/12/1988	19	12	1988	8.644	9.000
20/12/1988	20	12	1988	9.529	6.800
21/12/1988	21	12	1988	10.267	8.000
22/12/1988	22	12	1988	10.267	9.000
23/12/1988	23	12	1988	10.636	9.000
24/12/1988	24	12	1988	10.858	9.500
25/12/1988	25	12	1988	10.120	9.800
26/12/1988	26	12	1988	10.636	8.800
27/12/1988	27	12	1988	8.644	9.500
28/12/1988	28	12	1988	6.208	6.800
29/12/1988	29	12	1988	7.906	3.500
30/12/1988	30	12	1988	6.208	5.800
31/12/1988	31	12	1988	5.500	3.500
01/01/1994	1	1	1994	8.903	7.250
02/01/1994	2	1	1994	8.930	7.000
03/01/1994	3	1	1994	8.498	9.500
04/01/1994	4	1	1994	8.805	7.750
05/01/1994	5	1	1994	8.329	7.750
06/01/1994	6	1	1994	7.189	5.500
07/01/1994	7	1	1994	8.107	2.500
08/01/1994	8	1	1994	8.948	2.750
09/01/1994	9	1	1994	9.027	7.000
10/01/1994	10	1	1994	8.345	8.500
11/01/1994	11	1	1994	9.548	6.500
12/01/1994	12	1	1994	9.858	8.500
13/01/1994	13	1	1994	8.867	8.750
14/01/1994	14	1	1994	8.363	7.000
15/01/1994	15	1	1994	8.393	5.750
16/01/1994	16	1	1994	7.376	4.500
17/01/1994	17	1	1994	6.582	2.500
18/01/1994	18	1	1994	7.193	0.500
19/01/1994	19	1	1994	7.483	3.000
20/01/1994	20	1	1994	8.728	2.000
21/01/1994	21	1	1994	9.132	6.500
22/01/1994	22	1	1994	9.795	7.250
23/01/1994	23	1	1994	10.025	9.000
24/01/1994	24	1	1994	10.250	10.000
25/01/1994	25	1	1994	9.168	11.000
26/01/1994	26	1	1994	9.771	8.500
27/01/1994	27	1	1994	9.213	10.000
28/01/1994	28	1	1994	8.965	7.500
29/01/1994	29	1	1994	9.479	5.850
30/01/1994	30	1	1994	8.859	7.500
31/01/1994	31	1	1994	9.017	3.750
01/02/1994	1	2	1994	8.903	5.750
02/02/1994	2	2	1994	9.511	8.750
03/02/1994	3	2	1994	8.866	8.000
04/02/1994	4	2	1994	8.354	6.000
05/02/1994	5	2	1994	8.109	3.000
06/02/1994	6	2	1994	8.859	4.250
07/02/1994	7	2	1994	8.328	6.750
08/02/1994	8	2	1994	9.152	5.000
09/02/1994	9	2	1994	8.585	6.000
10/02/1994	10	2	1994	8.241	4.250
11/02/1994	11	2	1994	8.409	4.000
12/02/1994	12	2	1994	7.313	4.250
13/02/1994	13	2	1994	6.334	0.750
14/02/1994	14	2	1994	6.634	-2.750
15/02/1994	15	2	1994	7.674	2.000
16/02/1994	16	2	1994	7.753	4.250
17/02/1994	17	2	1994	7.910	3.500
18/02/1994	18	2	1994	7.840	4.750
19/02/1994	19	2	1994	8.160	4.250
20/02/1994	20	2	1994	7.788	6.500
21/02/1994	21	2	1994	7.910	3.500
22/02/1994	22	2	1994	8.252	6.750
23/02/1994	23	2	1994	8.716	9.500
24/02/1994	24	2	1994	8.804	9.450
25/02/1994	25	2	1994	9.198	10.000
26/02/1994	26	2	1994	9.584	11.000
27/02/1994	27	2	1994	9.610	9.750
28/02/1994	28	2	1994	9.593	9.500
01/03/1994	1	3	1994	9.619	8.000
02/03/1994	2	3	1994	9.278	7.750
03/03/1994	3	3	1994	9.151	6.500
04/03/1994	4	3	1994	9.286	6.750
05/03/1994	5	3	1994	9.070	7.500
06/03/1994	6	3	1994	9.181	5.500
07/03/1994	7	3	1994	9.779	8.350
08/03/1994	8	3	1994	10.186	10.500
09/03/1994	9	3	1994	10.250	9.750
10/03/1994	10	3	1994	9.469	8.750
11/03/1994	11	3	1994	9.346	6.750
12/03/1994	12	3	1994	9.778	5.750
13/03/1994	13	3	1994	10.122	9.000
14/03/1994	14	3	1994	10.346	11.000
15/03/1994	15	3	1994	10.150	10.500
16/03/1994	16	3	1994	9.927	8.000
17/03/1994	17	3	1994	9.900	7.000
18/03/1994	18	3	1994	10.122	8.500
19/03/1994	19	3	1994	10.241	9.000
20/03/1994	20	3	1994	10.390	10.750
21/03/1994	21	3	1994	10.061	10.000
22/03/1994	22	3	1994	10.320	7.000
23/03/1994	23	3	1994	10.723	11.750
24/03/1994	24	3	1994	10.976	11.750
25/03/1994	25	3	1994	10.653	11.000
26/03/1994	26	3	1994	10.123	8.000
27/03/1994	27	3	1994	10.364	6.750
28/03/1994	28	3	1994	11.013	12.000
29/03/1994	29	3	1994	11.173	13.500
30/03/1994	30	3	1994	11.295	12.000
31/03/1994	31	3	1994	10.845	8.500
01/04/1994	1	4	1994	9.964	7.750
02/04/1994	2	4	1994	9.318	5.500
03/04/1994	3	4	1994	9.767	6.750
04/04/1994	4	4	1994	9.675	8.250
05/04/1994	5	4	1994	9.913	6.500
06/04/1994	6	4	1994	10.250	7.000
07/04/1994	7	4	1994	9.868	8.000
08/04/1994	8	4	1994	9.418	7.000
09/04/1994	9	4	1994	9.141	6.500
10/04/1994	10	4	1994	9.336	6.000
11/04/1994	11	4	1994	9.747	7.500
12/04/1994	12	4	1994	10.025	7.250
13/04/1994	13	4	1994	9.500	7.500
14/04/1994	14	4	1994	9.327	6.000
15/04/1994	15	4	1994	9.473	5.250
16/04/1994	16	4	1994	9.793	7.250
17/04/1994	17	4	1994	9.519	8.250
18/04/1994	18	4	1994	9.649	6.250
19/04/1994	19	4	1994	9.849	6.750
20/04/1994	20	4	1994	10.698	6.000
21/04/1994	21	4	1994	11.159	8.000
22/04/1994	22	4	1994	12.450	10.000
23/04/1994	23	4	1994	11.923	12.500
24/04/1994	24	4	1994	11.001	12.000
25/04/1994	25	4	1994	12.376	9.000
26/04/1994	26	4	1994	12.771	10.500
27/04/1994	27	4	1994	13.305	15.250
28/04/1994	28	4	1994	14.127	14.750
29/04/1994	29	4	1994	13.326	17.250
30/04/1994	30	4	1994	13.249	12.750
01/05/1994	1	5	1994	13.347	13.000
02/05/1994	2	5	1994	13.151	14.250
03/05/1994	3	5	1994	12.603	13.000
04/05/1994	4	5	1994	11.156	11.250
05/05/1994	5	5	1994	12.303	10.000
06/05/1994	6	5	1994	12.169	11.000
07/05/1994	7	5	1994	11.377	12.500
08/05/1994	8	5	1994	11.783	10.750
09/05/1994	9	5	1994	13.038	10.250
10/05/1994	10	5	1994	13.099	13.500
11/05/1994	11	5	1994	13.072	13.250
12/05/1994	12	5	1994	13.443	13.500
13/05/1994	13	5	1994	13.867	12.250
14/05/1994	14	5	1994	13.435	17.000
15/05/1994	15	5	1994	13.022	14.500
16/05/1994	16	5	1994	12.826	12.250
17/05/1994	17	5	1994	12.179	13.250
18/05/1994	18	5	1994	12.172	11.750
19/05/1994	19	5	1994	12.728	11.500
20/05/1994	20	5	1994	12.790	14.000
21/05/1994	21	5	1994	13.099	13.500
22/05/1994	22	5	1994	13.443	13.750
23/05/1994	23	5	1994	13.612	15.200
24/05/1994	24	5	1994	13.233	14.250
25/05/1994	25	5	1994	13.303	13.750
26/05/1994	26	5	1994	13.153	13.250
27/05/1994	27	5	1994	12.604	12.500
28/05/1994	28	5	1994	12.753	13.500
29/05/1994	29	5	1994	12.667	13.000
30/05/1994	30	5	1994	13.240	11.750
31/05/1994	31	5	1994	14.281	14.750
01/06/1994	1	6	1994	14.220	18.000
02/06/1994	2	6	1994	13.603	14.500
03/06/1994	3	6	1994	12.656	14.500
04/06/1994	4	6	1994	12.896	12.750
05/06/1994	5	6	1994	13.452	12.750
06/06/1994	6	6	1994	13.903	15.250
07/06/1994	7	6	1994	13.832	15.500
08/06/1994	8	6	1994	12.931	14.250
09/06/1994	9	6	1994	12.657	12.500
10/06/1994	10	6	1994	12.437	12.500
11/06/1994	11	6	1994	12.737	14.000
12/06/1994	12	6	1994	13.355	14.000
13/06/1994	13	6	1994	13.911	15.100
14/06/1994	14	6	1994	14.513	15.500
15/06/1994	15	6	1994	14.308	16.500
16/06/1994	16	6	1994	14.611	15.500
17/06/1994	17	6	1994	14.928	17.750
18/06/1994	18	6	1994	14.689	16.250
19/06/1994	19	6	1994	14.486	15.250
20/06/1994	20	6	1994	14.743	17.000
21/06/1994	21	6	1994	15.493	18.750
22/06/1994	22	6	1994	15.663	18.750
23/06/1994	23	6	1994	16.793	18.000
24/06/1994	24	6	1994	16.041	24.000
25/06/1994	25	6	1994	14.838	19.000
26/06/1994	26	6	1994	15.095	16.500
27/06/1994	27	6	1994	16.190	18.500
28/06/1994	28	6	1994	16.208	21.250
29/06/1994	29	6	1994	14.937	17.500
30/06/1994	30	6	1994	15.564	14.750
01/07/1994	1	7	1994	16.094	21.250
02/07/1994	2	7	1994	16.393	19.500
03/07/1994	3	7	1994	16.147	21.500
04/07/1994	4	7	1994	14.963	18.500
05/07/1994	5	7	1994	14.919	16.250
06/07/1994	6	7	1994	14.452	17.250
07/07/1994	7	7	1994	14.751	15.500
08/07/1994	8	7	1994	14.777	14.000
09/07/1994	9	7	1994	15.501	17.000
10/07/1994	10	7	1994	16.385	18.750
11/07/1994	11	7	1994	17.030	21.500
12/07/1994	12	7	1994	16.535	22.250
13/07/1994	13	7	1994	15.864	18.250
14/07/1994	14	7	1994	15.643	18.000
15/07/1994	15	7	1994	16.499	17.500
16/07/1994	16	7	1994	17.214	22.000
17/07/1994	17	7	1994	16.888	22.500
18/07/1994	18	7	1994	16.687	21.500
19/07/1994	19	7	1994	16.173	18.000
20/07/1994	20	7	1994	16.623	19.000
21/07/1994	21	7	1994	16.545	19.250
22/07/1994	22	7	1994	17.189	19.500
23/07/1994	23	7	1994	17.904	21.500
24/07/1994	24	7	1994	17.473	21.750
25/07/1994	25	7	1994	17.268	20.500
26/07/1994	26	7	1994	17.022	22.000
27/07/1994	27	7	1994	17.205	20.750
28/07/1994	28	7	1994	16.684	17.750
29/07/1994	29	7	1994	17.904	18.750
30/07/1994	30	7	1994	18.125	24.500
31/07/1994	31	7	1994	17.180	23.000
01/08/1994	1	8	1994	16.306	18.500
02/08/1994	2	8	1994	17.137	18.750
03/08/1994	3	8	1994	18.160	25.500
04/08/1994	4	8	1994	18.116	23.500
05/08/1994	5	8	1994	17.455	21.250
06/08/1994	6	8	1994	17.154	20.000
07/08/1994	7	8	1994	17.700	20.250
08/08/1994	8	8	1994	18.266	22.000
09/08/1994	9	8	1994	17.524	21.750
10/08/1994	10	8	1994	16.280	18.000
11/08/1994	11	8	1994	16.075	16.250
12/08/1994	12	8	1994	15.775	16.250
13/08/1994	13	8	1994	15.007	16.000
14/08/1994	14	8	1994	15.166	15.750
15/08/1994	15	8	1994	15.705	16.250
16/08/1994	16	8	1994	15.140	17.250
17/08/1994	17	8	1994	15.061	13.750
18/08/1994	18	8	1994	16.041	15.750
19/08/1994	19	8	1994	15.272	15.500
20/08/1994	20	8	1994	15.227	15.750
21/08/1994	21	8	1994	16.518	16.750
22/08/1994	22	8	1994	16.323	19.750
23/08/1994	23	8	1994	14.971	17.750
24/08/1994	24	8	1994	15.352	15.500
25/08/1994	25	8	1994	16.024	16.500
26/08/1994	26	8	1994	16.023	16.750
27/08/1994	27	8	1994	15.034	17.500
28/08/1994	28	8	1994	14.010	14.250
29/08/1994	29	8	1994	14.928	13.000
30/08/1994	30	8	1994	15.377	16.000
31/08/1994	31	8	1994	15.178	18.000
01/09/1994	1	9	1994	15.150	15.750
02/09/1994	2	9	1994	14.486	15.750
03/09/1994	3	9	1994	15.105	13.750
04/09/1994	4	9	1994	15.352	16.250
05/09/1994	5	9	1994	14.254	17.000
06/09/1994	6	9	1994	15.078	13.750
07/09/1994	7	9	1994	14.670	16.500
08/09/1994	8	9	1994	13.738	14.500
09/09/1994	9	9	1994	13.915	14.000
10/09/1994	10	9	1994	13.999	16.000
11/09/1994	11	9	1994	14.928	15.250
12/09/1994	12	9	1994	13.693	17.500
13/09/1994	13	9	1994	13.657	14.000
14/09/1994	14	9	1994	12.817	12.500
15/09/1994	15	9	1994	12.457	11.500
16/09/1994	16	9	1994	12.153	11.000
17/09/1994	17	9	1994	12.025	10.250
18/09/1994	18	9	1994	11.858	11.250
19/09/1994	19	9	1994	13.261	10.250
20/09/1994	20	9	1994	12.559	13.500
21/09/1994	21	9	1994	12.863	11.250
22/09/1994	22	9	1994	13.767	13.750
23/09/1994	23	9	1994	14.975	15.250
24/09/1994	24	9	1994	14.217	17.500
25/09/1994	25	9	1994	14.293	15.500
26/09/1994	26	9	1994	14.393	15.500
27/09/1994	27	9	1994	12.956	14.750
28/09/1994	28	9	1994	12.734	13.250
29/09/1994	29	9	1994	12.873	13.000
30/09/1994	30	9	1994	12.421	13.000
01/10/1994	1	10	1994	12.540	12.000
02/10/1994	2	10	1994	13.222	12.500
03/10/1994	3	10	1994	11.729	13.000
04/10/1994	4	10	1994	9.407	9.250
05/10/1994	5	10	1994	9.427	6.500
06/10/1994	6	10	1994	9.988	7.250
07/10/1994	7	10	1994	9.833	8.750
08/10/1994	8	10	1994	9.509	9.000
09/10/1994	9	10	1994	10.330	9.750
10/10/1994	10	10	1994	12.854	11.000
11/10/1994	11	10	1994	13.306	15.500
12/10/1994	12	10	1994	13.223	16.000
13/10/1994	13	10	1994	12.614	15.000
14/10/1994	14	10	1994	13.462	15.000
15/10/1994	15	10	1994	13.545	15.250
16/10/1994	16	10	1994	12.347	14.250
17/10/1994	17	10	1994	10.449	12.000
18/10/1994	18	10	1994	11.323	8.000
19/10/1994	19	10	1994	11.637	11.750
20/10/1994	20	10	1994	12.383	10.750
21/10/1994	21	10	1994	13.832	12.000
22/10/1994	22	10	1994	12.735	13.250
23/10/1994	23	10	1994	11.931	12.750
24/10/1994	24	10	1994	11.454	11.500
25/10/1994	25	10	1994	10.588	11.000
26/10/1994	26	10	1994	10.292	10.000
27/10/1994	27	10	1994	9.516	8.750
28/10/1994	28	10	1994	10.467	7.500
29/10/1994	29	10	1994	12.631	10.250
30/10/1994	30	10	1994	12.954	14.000
31/10/1994	31	10	1994	11.809	13.500
01/11/1994	1	11	1994	10.246	11.000
02/11/1994	2	11	1994	12.127	6.750
03/11/1994	3	11	1994	12.425	14.500
04/11/1994	4	11	1994	12.150	11.250
05/11/1994	5	11	1994	11.730	11.000
06/11/1994	6	11	1994	11.350	10.000
07/11/1994	7	11	1994	11.829	10.750
08/11/1994	8	11	1994	12.223	11.750
09/11/1994	9	11	1994	11.940	11.500
10/11/1994	10	11	1994	11.966	11.500
11/11/1994	11	11	1994	12.106	11.250
12/11/1994	12	11	1994	12.063	12.000
13/11/1994	13	11	1994	12.447	11.000
14/11/1994	14	11	1994	12.834	13.250
15/11/1994	15	11	1994	11.898	13.000
16/11/1994	16	11	1994	11.888	9.000
17/11/1994	17	11	1994	11.914	9.750
18/11/1994	18	11	1994	12.268	10.750
19/11/1994	19	11	1994	12.633	13.250
20/11/1994	20	11	1994	12.781	13.250
21/11/1994	21	11	1994	12.711	14.250
22/11/1994	22	11	1994	12.258	12.500
23/11/1994	23	11	1994	12.150	9.500
24/11/1994	24	11	1994	12.150	9.000
25/11/1994	25	11	1994	12.150	11.500
26/11/1994	26	11	1994	11.896	11.000
27/11/1994	27	11	1994	12.019	9.250
28/11/1994	28	11	1994	11.323	10.500
29/11/1994	29	11	1994	10.784	8.500
30/11/1994	30	11	1994	10.810	8.000
01/12/1994	1	12	1994	10.758	7.750
02/12/1994	2	12	1994	10.758	8.000
03/12/1994	3	12	1994	11.332	11.500
04/12/1994	4	12	1994	11.331	11.750
05/12/1994	5	12	1994	10.504	10.500
06/12/1994	6	12	1994	10.460	8.500
07/12/1994	7	12	1994	10.504	9.500
08/12/1994	8	12	1994	10.925	10.750
09/12/1994	9	12	1994	10.670	8.700
10/12/1994	10	12	1994	11.642	9.250
11/12/1994	11	12	1994	11.975	12.750
12/12/1994	12	12	1994	11.765	11.500
13/12/1994	13	12	1994	11.493	9.250
14/12/1994	14	12	1994	10.095	9.000
15/12/1994	15	12	1994	10.095	5.500
16/12/1994	16	12	1994	10.968	6.500
17/12/1994	17	12	1994	10.635	8.500
18/12/1994	18	12	1994	9.461	8.500
19/12/1994	19	12	1994	9.188	6.050
20/12/1994	20	12	1994	9.479	5.950
21/12/1994	21	12	1994	8.339	4.750
22/12/1994	22	12	1994	7.359	3.250
23/12/1994	23	12	1994	7.070	0.500
24/12/1994	24	12	1994	6.675	0.250
25/12/1994	25	12	1994	7.525	1.000
26/12/1994	26	12	1994	9.735	4.500
27/12/1994	27	12	1994	10.899	10.750
28/12/1994	28	12	1994	11.102	12.750
29/12/1994	29	12	1994	9.682	11.000
30/12/1994	30	12	1994	9.151	7.750
31/12/1994	31	12	1994	8.500	6.500
01/01/1995	1	1	1995	7.900	3.000
02/01/1995	2	1	1995	6.800	2.750
03/01/1995	3	1	1995	6.900	-0.500
04/01/1995	4	1	1995	6.800	-2.000
05/01/1995	5	1	1995	7.400	0.000
06/01/1995	6	1	1995	7.330	4.000
07/01/1995	7	1	1995	8.692	3.500
08/01/1995	8	1	1995	8.461	6.500
09/01/1995	9	1	1995	9.408	6.250
10/01/1995	10	1	1995	10.095	9.000
11/01/1995	11	1	1995	8.249	7.250
12/01/1995	12	1	1995	7.745	3.250
13/01/1995	13	1	1995	8.664	3.500
14/01/1995	14	1	1995	9.025	5.750
15/01/1995	15	1	1995	7.940	7.750
16/01/1995	16	1	1995	8.276	2.500
17/01/1995	17	1	1995	8.760	6.500
18/01/1995	18	1	1995	8.205	7.250
19/01/1995	19	1	1995	8.576	6.500
20/01/1995	20	1	1995	8.311	6.750
21/01/1995	21	1	1995	9.551	8.000
22/01/1995	22	1	1995	9.274	10.250
23/01/1995	23	1	1995	8.436	7.500
24/01/1995	24	1	1995	9.998	6.750
25/01/1995	25	1	1995	10.140	8.750
26/01/1995	26	1	1995	8.142	8.000
27/01/1995	27	1	1995	9.683	6.000
28/01/1995	28	1	1995	9.981	9.250
29/01/1995	29	1	1995	10.196	9.000
30/01/1995	30	1	1995	9.628	6.500
31/01/1995	31	1	1995	11.059	8.000
01/02/1995	1	2	1995	10.212	11.000
02/02/1995	2	2	1995	10.009	7.000
03/02/1995	3	2	1995	10.883	8.000
04/02/1995	4	2	1995	10.810	9.250
05/02/1995	5	2	1995	10.836	8.500
06/02/1995	6	2	1995	10.644	8.500
07/02/1995	7	2	1995	10.936	8.500
08/02/1995	8	2	1995	10.845	10.250
09/02/1995	9	2	1995	10.906	8.750
10/02/1995	10	2	1995	10.731	10.250
11/02/1995	11	2	1995	10.388	10.000
12/02/1995	12	2	1995	10.644	9.500
13/02/1995	13	2	1995	10.026	10.500
14/02/1995	14	2	1995	11.182	9.000
15/02/1995	15	2	1995	10.326	11.750
16/02/1995	16	2	1995	10.230	9.000
17/02/1995	17	2	1995	9.683	8.500
18/02/1995	18	2	1995	10.282	8.000
19/02/1995	19	2	1995	11.041	9.500
20/02/1995	20	2	1995	10.715	11.250
21/02/1995	21	2	1995	9.326	7.500
22/02/1995	22	2	1995	9.018	5.500
23/02/1995	23	2	1995	9.745	5.500
24/02/1995	24	2	1995	10.504	7.750
25/02/1995	25	2	1995	9.495	9.000
26/02/1995	26	2	1995	8.823	5.250
27/02/1995	27	2	1995	10.219	3.500
28/02/1995	28	2	1995	10.469	9.250
01/03/1995	1	3	1995	9.397	9.000
02/03/1995	2	3	1995	8.673	6.500
03/03/1995	3	3	1995	8.312	5.000
04/03/1995	4	3	1995	9.177	3.750
05/03/1995	5	3	1995	8.336	7.250
06/03/1995	6	3	1995	8.257	6.500
07/03/1995	7	3	1995	8.621	4.500
08/03/1995	8	3	1995	8.734	5.500
09/03/1995	9	3	1995	9.398	4.500
10/03/1995	10	3	1995	10.546	8.500
11/03/1995	11	3	1995	11.093	10.250
12/03/1995	12	3	1995	10.661	8.500
13/03/1995	13	3	1995	9.761	5.000
14/03/1995	14	3	1995	9.938	6.750
15/03/1995	15	3	1995	9.266	5.250
16/03/1995	16	3	1995	10.448	6.000
17/03/1995	17	3	1995	10.229	9.000
18/03/1995	18	3	1995	10.362	9.000
19/03/1995	19	3	1995	9.558	8.250
20/03/1995	20	3	1995	9.293	5.000
21/03/1995	21	3	1995	9.433	5.500
22/03/1995	22	3	1995	9.910	5.250
23/03/1995	23	3	1995	9.840	9.000
24/03/1995	24	3	1995	10.493	7.750
25/03/1995	25	3	1995	10.963	8.750
26/03/1995	26	3	1995	10.608	10.000
27/03/1995	27	3	1995	8.515	9.000
28/03/1995	28	3	1995	9.736	6.000
29/03/1995	29	3	1995	9.053	5.500
30/03/1995	30	3	1995	9.504	4.250
31/03/1995	31	3	1995	10.778	8.000
01/04/1995	1	4	1995	11.605	11.000
02/04/1995	2	4	1995	11.633	12.000
03/04/1995	3	4	1995	11.722	11.750
04/04/1995	4	4	1995	11.508	10.000
05/04/1995	5	4	1995	11.296	11.000
06/04/1995	6	4	1995	11.765	9.750
07/04/1995	7	4	1995	11.713	11.250
08/04/1995	8	4	1995	9.786	11.250
09/04/1995	9	4	1995	9.937	7.500
10/04/1995	10	4	1995	11.112	7.550
11/04/1995	11	4	1995	11.843	10.000
12/04/1995	12	4	1995	10.538	10.500
13/04/1995	13	4	1995	10.908	10.000
14/04/1995	14	4	1995	9.680	9.000
15/04/1995	15	4	1995	9.230	7.750
16/04/1995	16	4	1995	10.652	8.000
17/04/1995	17	4	1995	10.600	9.000
18/04/1995	18	4	1995	7.897	9.750
19/04/1995	19	4	1995	7.817	4.500
20/04/1995	20	4	1995	8.913	5.250
21/04/1995	21	4	1995	8.613	6.000
22/04/1995	22	4	1995	8.338	7.000
23/04/1995	23	4	1995	9.150	7.000
24/04/1995	24	4	1995	10.009	7.500
25/04/1995	25	4	1995	11.305	9.000
26/04/1995	26	4	1995	10.538	10.000
27/04/1995	27	4	1995	10.856	8.750
28/04/1995	28	4	1995	11.517	10.500
29/04/1995	29	4	1995	12.278	12.000
30/04/1995	30	4	1995	13.187	13.250
01/05/1995	1	5	1995	14.442	13.250
02/05/1995	2	5	1995	15.370	15.000
03/05/1995	3	5	1995	15.803	16.250
04/05/1995	4	5	1995	17.480	17.500
05/05/1995	5	5	1995	18.027	18.750
06/05/1995	6	5	1995	17.100	19.750
07/05/1995	7	5	1995	14.539	18.750
08/05/1995	8	5	1995	12.101	13.500
09/05/1995	9	5	1995	12.843	11.750
10/05/1995	10	5	1995	11.536	10.500
11/05/1995	11	5	1995	9.647	7.500
12/05/1995	12	5	1995	8.665	7.750
13/05/1995	13	5	1995	8.595	8.250
14/05/1995	14	5	1995	10.502	6.250
15/05/1995	15	5	1995	11.307	8.750
16/05/1995	16	5	1995	11.500	9.750
17/05/1995	17	5	1995	10.193	10.250
18/05/1995	18	5	1995	9.901	9.750
19/05/1995	19	5	1995	9.972	8.500
20/05/1995	20	5	1995	11.218	9.250
21/05/1995	21	5	1995	12.198	9.750
22/05/1995	22	5	1995	13.549	13.250
23/05/1995	23	5	1995	13.692	16.000
24/05/1995	24	5	1995	12.966	14.750
25/05/1995	25	5	1995	13.169	13.750
26/05/1995	26	5	1995	14.230	14.000
27/05/1995	27	5	1995	14.831	15.500
28/05/1995	28	5	1995	14.132	18.250
29/05/1995	29	5	1995	13.770	15.000
30/05/1995	30	5	1995	13.593	13.750
31/05/1995	31	5	1995	13.460	12.750
01/06/1995	1	6	1995	13.805	13.750
02/06/1995	2	6	1995	13.118	15.250
03/06/1995	3	6	1995	13.346	13.500
04/06/1995	4	6	1995	12.692	13.250
05/06/1995	5	6	1995	12.940	12.250
06/06/1995	6	6	1995	13.046	13.000
07/06/1995	7	6	1995	13.249	12.500
08/06/1995	8	6	1995	12.508	13.250
09/06/1995	9	6	1995	12.005	11.250
10/06/1995	10	6	1995	12.559	10.000
11/06/1995	11	6	1995	12.383	13.000
12/06/1995	12	6	1995	12.409	11.500
13/06/1995	13	6	1995	11.950	11.750
14/06/1995	14	6	1995	12.833	12.000
15/06/1995	15	6	1995	13.488	13.250
16/06/1995	16	6	1995	13.701	13.500
17/06/1995	17	6	1995	14.019	14.000
18/06/1995	18	6	1995	14.326	15.750
19/06/1995	19	6	1995	15.016	16.250
20/06/1995	20	6	1995	15.678	17.500
21/06/1995	21	6	1995	15.273	17.500
22/06/1995	22	6	1995	14.371	16.500
23/06/1995	23	6	1995	14.505	15.000
24/06/1995	24	6	1995	14.866	15.750
25/06/1995	25	6	1995	16.685	16.000
26/06/1995	26	6	1995	17.693	19.500
27/06/1995	27	6	1995	18.125	20.700
28/06/1995	28	6	1995	18.920	22.250
29/06/1995	29	6	1995	18.558	24.000
30/06/1995	30	6	1995	18.010	24.250
01/07/1995	1	7	1995	17.004	24.500
02/07/1995	2	7	1995	16.208	18.750
03/07/1995	3	7	1995	15.538	16.250
04/07/1995	4	7	1995	14.689	14.000
05/07/1995	5	7	1995	15.018	14.000
06/07/1995	6	7	1995	15.255	16.250
07/07/1995	7	7	1995	16.615	17.500
08/07/1995	8	7	1995	18.001	20.250
09/07/1995	9	7	1995	18.929	24.750
10/07/1995	10	7	1995	17.586	24.500
11/07/1995	11	7	1995	16.987	20.000
12/07/1995	12	7	1995	17.065	19.500
13/07/1995	13	7	1995	16.676	19.750
14/07/1995	14	7	1995	16.791	19.250
15/07/1995	15	7	1995	16.738	19.250
16/07/1995	16	7	1995	16.517	18.250
17/07/1995	17	7	1995	16.800	19.500
18/07/1995	18	7	1995	18.126	19.250
19/07/1995	19	7	1995	19.150	23.500
20/07/1995	20	7	1995	19.511	25.750
21/07/1995	21	7	1995	17.833	21.250
22/07/1995	22	7	1995	15.837	16.750
23/07/1995	23	7	1995	16.368	16.000
24/07/1995	24	7	1995	17.419	19.000
25/07/1995	25	7	1995	18.523	23.000
26/07/1995	26	7	1995	16.790	22.250
27/07/1995	27	7	1995	17.003	18.500
28/07/1995	28	7	1995	17.560	20.500
29/07/1995	29	7	1995	18.232	20.000
30/07/1995	30	7	1995	18.593	20.500
31/07/1995	31	7	1995	18.965	23.000
01/08/1995	1	8	1995	19.362	23.750
02/08/1995	2	8	1995	19.609	25.000
03/08/1995	3	8	1995	19.415	24.750
04/08/1995	4	8	1995	19.071	22.750
05/08/1995	5	8	1995	17.992	20.500
06/08/1995	6	8	1995	17.268	19.750
07/08/1995	7	8	1995	16.333	17.500
08/08/1995	8	8	1995	16.678	16.000
09/08/1995	9	8	1995	17.418	18.750
10/08/1995	10	8	1995	18.135	21.000
11/08/1995	11	8	1995	18.109	22.000
12/08/1995	12	8	1995	17.833	19.750
13/08/1995	13	8	1995	16.350	19.500
14/08/1995	14	8	1995	15.908	17.250
15/08/1995	15	8	1995	16.394	17.250
16/08/1995	16	8	1995	17.383	19.500
17/08/1995	17	8	1995	17.808	19.500
18/08/1995	18	8	1995	17.923	21.000
19/08/1995	19	8	1995	18.373	21.000
20/08/1995	20	8	1995	18.293	22.500
21/08/1995	21	8	1995	17.587	20.250
22/08/1995	22	8	1995	17.675	19.750
23/08/1995	23	8	1995	16.774	19.750
24/08/1995	24	8	1995	17.489	18.000
25/08/1995	25	8	1995	17.392	20.250
26/08/1995	26	8	1995	17.428	18.750
27/08/1995	27	8	1995	15.467	19.750
28/08/1995	28	8	1995	13.939	14.500
29/08/1995	29	8	1995	15.430	12.500
30/08/1995	30	8	1995	14.238	16.500
31/08/1995	31	8	1995	15.405	14.250
01/09/1995	1	9	1995	15.660	16.500
02/09/1995	2	9	1995	14.741	17.500
03/09/1995	3	9	1995	14.300	14.000
04/09/1995	4	9	1995	14.769	14.500
05/09/1995	5	9	1995	13.681	14.750
06/09/1995	6	9	1995	15.105	13.500
07/09/1995	7	9	1995	16.015	17.000
08/09/1995	8	9	1995	15.414	17.000
09/09/1995	9	9	1995	15.475	16.750
10/09/1995	10	9	1995	15.414	16.250
11/09/1995	11	9	1995	14.238	16.000
12/09/1995	12	9	1995	13.338	15.250
13/09/1995	13	9	1995	13.197	13.250
14/09/1995	14	9	1995	14.020	13.250
15/09/1995	15	9	1995	13.770	14.500
16/09/1995	16	9	1995	13.453	14.500
17/09/1995	17	9	1995	14.362	13.250
18/09/1995	18	9	1995	14.416	17.000
19/09/1995	19	9	1995	14.707	14.000
20/09/1995	20	9	1995	13.664	16.000
21/09/1995	21	9	1995	12.295	14.000
22/09/1995	22	9	1995	12.701	10.500
23/09/1995	23	9	1995	12.852	12.250
24/09/1995	24	9	1995	12.127	12.750
25/09/1995	25	9	1995	12.965	11.000
26/09/1995	26	9	1995	14.485	12.500
27/09/1995	27	9	1995	12.401	14.750
28/09/1995	28	9	1995	11.552	11.000
29/09/1995	29	9	1995	11.704	10.500
30/09/1995	30	9	1995	13.532	11.000
01/10/1995	1	10	1995	13.409	13.750
02/10/1995	2	10	1995	14.090	12.000
03/10/1995	3	10	1995	14.538	14.250
04/10/1995	4	10	1995	13.496	16.000
05/10/1995	5	10	1995	12.825	14.000
06/10/1995	6	10	1995	14.583	13.750
07/10/1995	7	10	1995	14.698	16.750
08/10/1995	8	10	1995	14.760	16.750
09/10/1995	9	10	1995	14.540	17.250
10/10/1995	10	10	1995	14.839	14.250
11/10/1995	11	10	1995	14.724	17.500
12/10/1995	12	10	1995	13.938	15.500
13/10/1995	13	10	1995	14.133	15.000
14/10/1995	14	10	1995	14.590	15.250
15/10/1995	15	10	1995	13.700	16.000
16/10/1995	16	10	1995	14.151	14.500
17/10/1995	17	10	1995	14.805	15.000
18/10/1995	18	10	1995	13.762	13.750
19/10/1995	19	10	1995	12.039	13.250
20/10/1995	20	10	1995	11.262	9.750
21/10/1995	21	10	1995	10.167	9.750
22/10/1995	22	10	1995	11.012	8.750
23/10/1995	23	10	1995	12.859	11.500
24/10/1995	24	10	1995	13.074	14.500
25/10/1995	25	10	1995	12.666	14.250
26/10/1995	26	10	1995	14.053	13.250
27/10/1995	27	10	1995	13.780	15.500
28/10/1995	28	10	1995	13.150	13.000
29/10/1995	29	10	1995	13.090	11.250
30/10/1995	30	10	1995	11.015	12.250
31/10/1995	31	10	1995	9.637	8.750
01/11/1995	1	11	1995	9.469	6.750
02/11/1995	2	11	1995	9.089	8.250
03/11/1995	3	11	1995	9.220	7.500
04/11/1995	4	11	1995	6.888	7.500
05/11/1995	5	11	1995	5.344	2.000
06/11/1995	6	11	1995	5.282	3.000
07/11/1995	7	11	1995	7.049	3.500
08/11/1995	8	11	1995	8.072	9.750
09/11/1995	9	11	1995	8.081	9.000
10/11/1995	10	11	1995	10.547	8.750
11/11/1995	11	11	1995	11.643	12.000
12/11/1995	12	11	1995	10.793	11.750
13/11/1995	13	11	1995	10.819	10.500
14/11/1995	14	11	1995	10.821	10.500
15/11/1995	15	11	1995	11.165	10.750
16/11/1995	16	11	1995	9.962	9.750
17/11/1995	17	11	1995	6.112	6.250
18/11/1995	18	11	1995	4.946	2.250
19/11/1995	19	11	1995	4.760	1.000
20/11/1995	20	11	1995	6.519	1.250
21/11/1995	21	11	1995	8.020	8.500
22/11/1995	22	11	1995	8.773	7.750
23/11/1995	23	11	1995	9.567	8.500
24/11/1995	24	11	1995	10.105	8.500
25/11/1995	25	11	1995	9.460	9.250
26/11/1995	26	11	1995	8.594	8.250
27/11/1995	27	11	1995	8.417	8.500
28/11/1995	28	11	1995	8.383	8.500
29/11/1995	29	11	1995	7.022	8.000
30/11/1995	30	11	1995	8.100	6.750
01/12/1995	1	12	1995	10.053	7.500
02/12/1995	2	12	1995	10.845	10.500
03/12/1995	3	12	1995	10.633	13.250
04/12/1995	4	12	1995	7.309	8.500
05/12/1995	5	12	1995	3.921	1.000
06/12/1995	6	12	1995	2.816	-2.500
07/12/1995	7	12	1995	2.298	-2.750
08/12/1995	8	12	1995	3.895	-1.600
09/12/1995	9	12	1995	5.477	1.250
10/12/1995	10	12	1995	4.539	6.500
11/12/1995	11	12	1995	3.790	3.600
12/12/1995	12	12	1995	4.735	2.250
13/12/1995	13	12	1995	4.197	1.000
14/12/1995	14	12	1995	3.258	0.250
15/12/1995	15	12	1995	3.824	0.250
16/12/1995	16	12	1995	6.182	2.500
17/12/1995	17	12	1995	6.836	2.250
18/12/1995	18	12	1995	6.448	4.500
19/12/1995	19	12	1995	7.710	5.750
20/12/1995	20	12	1995	8.948	7.500
21/12/1995	21	12	1995	10.333	10.000
22/12/1995	22	12	1995	10.390	11.500
23/12/1995	23	12	1995	9.918	11.050
24/12/1995	24	12	1995	7.764	8.250
25/12/1995	25	12	1995	5.643	2.750
26/12/1995	26	12	1995	3.074	1.750
27/12/1995	27	12	1995	2.615	-1.750
28/12/1995	28	12	1995	2.068	-2.250
29/12/1995	29	12	1995	3.691	-0.250
30/12/1995	30	12	1995	6.422	2.750
31/12/1995	31	12	1995	7.932	7.000
01/01/2001	1	1	2001	9.292	9.200
02/01/2001	2	1	2001	8.888	9.154
03/01/2001	3	1	2001	9.433	7.321
04/01/2001	4	1	2001	9.650	9.379
05/01/2001	5	1	2001	9.225	9.512
06/01/2001	6	1	2001	8.963	6.729
07/01/2001	7	1	2001	8.888	3.842
08/01/2001	8	1	2001	8.408	3.250
09/01/2001	9	1	2001	8.404	1.617
10/01/2001	10	1	2001	9.267	8.471
11/01/2001	11	1	2001	9.400	7.958
12/01/2001	12	1	2001	8.613	6.083
13/01/2001	13	1	2001	7.629	1.504
14/01/2001	14	1	2001	7.300	1.008
15/01/2001	15	1	2001	7.500	-1.171
16/01/2001	16	1	2001	7.813	1.892
17/01/2001	17	1	2001	8.308	2.537
18/01/2001	18	1	2001	8.500	3.646
19/01/2001	19	1	2001	7.717	2.213
20/01/2001	20	1	2001	7.750	1.100
21/01/2001	21	1	2001	9.100	7.929
22/01/2001	22	1	2001	8.958	8.671
23/01/2001	23	1	2001	9.388	10.013
24/01/2001	24	1	2001	9.192	8.967
25/01/2001	25	1	2001	8.696	6.112
26/01/2001	26	1	2001	8.408	5.317
27/01/2001	27	1	2001	8.704	5.892
28/01/2001	28	1	2001	8.438	5.296
29/01/2001	29	1	2001	8.200	3.104
30/01/2001	30	1	2001	8.542	2.583
31/01/2001	31	1	2001	8.767	6.896
01/02/2001	1	2	2001	8.542	2.921
02/02/2001	2	2	2001	9.117	6.125
03/02/2001	3	2	2001	9.679	9.433
04/02/2001	4	2	2001	9.833	10.354
05/02/2001	5	2	2001	10.092	10.179
06/02/2001	6	2	2001	10.192	11.325
07/02/2001	7	2	2001	10.083	9.508
08/02/2001	8	2	2001	8.879	7.729
09/02/2001	9	2	2001	8.388	3.667
10/02/2001	10	2	2001	10.438	6.362
11/02/2001	11	2	2001	10.442	12.133
12/02/2001	12	2	2001	9.704	9.571
13/02/2001	13	2	2001	8.854	6.846
14/02/2001	14	2	2001	8.379	4.792
15/02/2001	15	2	2001	8.683	3.163
16/02/2001	16	2	2001	8.554	4.746
17/02/2001	17	2	2001	8.579	5.487
18/02/2001	18	2	2001	7.696	2.888
19/02/2001	19	2	2001	8.525	1.788
20/02/2001	20	2	2001	8.496	4.750
21/02/2001	21	2	2001	9.929	5.596
22/02/2001	22	2	2001	10.067	8.679
23/02/2001	23	2	2001	8.300	6.812
24/02/2001	24	2	2001	7.158	1.808
25/02/2001	25	2	2001	7.542	0.525
26/02/2001	26	2	2001	7.754	3.067
27/02/2001	27	2	2001	7.400	2.129
28/02/2001	28	2	2001	7.854	2.117
01/03/2001	1	3	2001	7.113	2.267
02/03/2001	2	3	2001	6.758	1.154
03/03/2001	3	3	2001	8.054	1.625
04/03/2001	4	3	2001	7.629	4.021
05/03/2001	5	3	2001	8.971	3.446
06/03/2001	6	3	2001	10.975	10.425
07/03/2001	7	3	2001	11.021	12.717
08/03/2001	8	3	2001	10.633	9.992
09/03/2001	9	3	2001	11.158	10.771
10/03/2001	10	3	2001	11.600	12.463
11/03/2001	11	3	2001	11.029	12.050
12/03/2001	12	3	2001	9.438	7.846
13/03/2001	13	3	2001	9.550	7.758
14/03/2001	14	3	2001	10.896	9.067
15/03/2001	15	3	2001	10.629	11.283
16/03/2001	16	3	2001	10.483	10.283
17/03/2001	17	3	2001	10.013	8.325
18/03/2001	18	3	2001	8.975	8.142
19/03/2001	19	3	2001	9.200	4.471
20/03/2001	20	3	2001	11.450	9.913
21/03/2001	21	3	2001	11.392	12.475
22/03/2001	22	3	2001	11.846	11.825
23/03/2001	23	3	2001	11.283	12.783
24/03/2001	24	3	2001	10.100	9.879
25/03/2001	25	3	2001	9.650	6.654
26/03/2001	26	3	2001	10.288	5.850
27/03/2001	27	3	2001	10.571	9.021
28/03/2001	28	3	2001	10.463	8.621
29/03/2001	29	3	2001	10.504	7.367
30/03/2001	30	3	2001	11.638	9.092
31/03/2001	31	3	2001	11.813	11.563
01/04/2001	1	4	2001	12.113	11.804
02/04/2001	2	4	2001	12.042	12.413
03/04/2001	3	4	2001	11.429	10.717
04/04/2001	4	4	2001	10.142	8.217
05/04/2001	5	4	2001	11.088	8.771
06/04/2001	6	4	2001	10.250	10.921
07/04/2001	7	4	2001	10.583	7.812
08/04/2001	8	4	2001	11.250	9.138
09/04/2001	9	4	2001	11.213	10.908
10/04/2001	10	4	2001	10.975	9.704
11/04/2001	11	4	2001	10.275	8.350
12/04/2001	12	4	2001	10.679	7.267
13/04/2001	13	4	2001	9.946	7.492
14/04/2001	14	4	2001	10.750	6.025
15/04/2001	15	4	2001	10.269	9.300
16/04/2001	16	4	2001	10.588	8.642
17/04/2001	17	4	2001	10.913	7.217
18/04/2001	18	4	2001	9.358	6.746
19/04/2001	19	4	2001	9.067	3.913
20/04/2001	20	4	2001	9.504	4.858
21/04/2001	21	4	2001	9.917	5.817
22/04/2001	22	4	2001	10.538	6.983
23/04/2001	23	4	2001	11.442	9.117
24/04/2001	24	4	2001	11.117	11.267
25/04/2001	25	4	2001	10.867	9.354
26/04/2001	26	4	2001	11.400	10.371
27/04/2001	27	4	2001	11.708	11.125
28/04/2001	28	4	2001	11.375	11.138
29/04/2001	29	4	2001	10.642	9.033
30/04/2001	30	4	2001	10.663	8.342
01/05/2001	1	5	2001	11.138	10.229
02/05/2001	2	5	2001	11.300	10.462
03/05/2001	3	5	2001	10.663	9.358
04/05/2001	4	5	2001	10.533	8.079
05/05/2001	5	5	2001	10.288	8.000
06/05/2001	6	5	2001	11.283	7.904
07/05/2001	7	5	2001	11.954	10.896
08/05/2001	8	5	2001	12.321	11.696
09/05/2001	9	5	2001	12.633	12.908
10/05/2001	10	5	2001	13.396	14.054
11/05/2001	11	5	2001	14.363	16.754
12/05/2001	12	5	2001	14.200	17.963
13/05/2001	13	5	2001	12.933	14.212
14/05/2001	14	5	2001	13.138	13.225
15/05/2001	15	5	2001	13.096	12.904
16/05/2001	16	5	2001	12.492	13.517
17/05/2001	17	5	2001	12.163	9.946
18/05/2001	18	5	2001	12.117	10.792
19/05/2001	19	5	2001	12.667	10.908
20/05/2001	20	5	2001	13.708	13.229
21/05/2001	21	5	2001	14.308	14.308
22/05/2001	22	5	2001	14.950	16.087
23/05/2001	23	5	2001	14.683	16.650
24/05/2001	24	5	2001	15.046	17.246
25/05/2001	25	5	2001	15.200	18.142
26/05/2001	26	5	2001	14.933	15.821
27/05/2001	27	5	2001	15.317	17.183
28/05/2001	28	5	2001	15.642	19.321
29/05/2001	29	5	2001	15.696	17.242
30/05/2001	30	5	2001	14.621	17.200
31/05/2001	31	5	2001	13.533	13.571
01/06/2001	1	6	2001	13.817	13.079
02/06/2001	2	6	2001	13.133	13.129
03/06/2001	3	6	2001	12.967	12.237
04/06/2001	4	6	2001	13.342	12.696
05/06/2001	5	6	2001	13.683	14.937
06/06/2001	6	6	2001	13.517	14.092
07/06/2001	7	6	2001	13.204	13.192
08/06/2001	8	6	2001	12.958	12.496
09/06/2001	9	6	2001	12.708	12.237
10/06/2001	10	6	2001	12.979	11.442
11/06/2001	11	6	2001	13.583	12.625
12/06/2001	12	6	2001	14.654	15.771
13/06/2001	13	6	2001	13.825	14.900
14/06/2001	14	6	2001	14.404	14.646
15/06/2001	15	6	2001	14.579	16.579
16/06/2001	16	6	2001	14.225	14.862
17/06/2001	17	6	2001	14.142	14.100
18/06/2001	18	6	2001	14.396	14.529
19/06/2001	19	6	2001	15.225	15.979
20/06/2001	20	6	2001	15.342	17.987
21/06/2001	21	6	2001	15.042	16.133
22/06/2001	22	6	2001	16.321	17.375
23/06/2001	23	6	2001	16.583	18.963
24/06/2001	24	6	2001	17.196	19.792
25/06/2001	25	6	2001	18.317	23.750
26/06/2001	26	6	2001	17.567	22.921
27/06/2001	27	6	2001	15.825	17.471
28/06/2001	28	6	2001	15.996	17.662
29/06/2001	29	6	2001	16.488	19.408
30/06/2001	30	6	2001	16.150	17.288
01/07/2001	1	7	2001	16.908	18.537
02/07/2001	2	7	2001	18.354	22.046
03/07/2001	3	7	2001	17.921	24.038
04/07/2001	4	7	2001	16.321	18.021
05/07/2001	5	7	2001	16.554	17.879
06/07/2001	6	7	2001	16.258	18.337
07/07/2001	7	7	2001	15.854	15.917
08/07/2001	8	7	2001	15.725	16.383
09/07/2001	9	7	2001	16.242	17.879
10/07/2001	10	7	2001	15.517	17.354
11/07/2001	11	7	2001	15.088	15.754
12/07/2001	12	7	2001	14.454	14.079
13/07/2001	13	7	2001	14.567	14.050
14/07/2001	14	7	2001	15.004	14.421
15/07/2001	15	7	2001	15.183	14.683
16/07/2001	16	7	2001	15.000	15.821
17/07/2001	17	7	2001	14.775	15.050
18/07/2001	18	7	2001	14.821	14.521
19/07/2001	19	7	2001	14.521	15.092
20/07/2001	20	7	2001	15.225	15.596
21/07/2001	21	7	2001	15.967	18.250
22/07/2001	22	7	2001	16.671	17.413
23/07/2001	23	7	2001	16.242	17.392
24/07/2001	24	7	2001	16.254	16.854
25/07/2001	25	7	2001	17.046	19.400
26/07/2001	26	7	2001	17.663	21.042
27/07/2001	27	7	2001	18.433	21.654
28/07/2001	28	7	2001	19.175	22.267
29/07/2001	29	7	2001	19.333	23.921
30/07/2001	30	7	2001	19.383	22.400
31/07/2001	31	7	2001	18.942	20.288
01/08/2001	1	8	2001	19.163	23.267
02/08/2001	2	8	2001	17.963	20.283
03/08/2001	3	8	2001	16.483	17.479
04/08/2001	4	8	2001	16.200	16.325
05/08/2001	5	8	2001	16.550	16.733
06/08/2001	6	8	2001	16.938	18.246
07/08/2001	7	8	2001	16.413	17.771
08/08/2001	8	8	2001	15.804	16.575
09/08/2001	9	8	2001	15.071	14.421
10/08/2001	10	8	2001	14.950	14.454
11/08/2001	11	8	2001	15.854	15.338
12/08/2001	12	8	2001	16.613	18.200
13/08/2001	13	8	2001	17.467	18.471
14/08/2001	14	8	2001	18.267	22.000
15/08/2001	15	8	2001	17.771	20.279
16/08/2001	16	8	2001	16.225	17.033
17/08/2001	17	8	2001	16.383	16.463
18/08/2001	18	8	2001	16.629	17.829
19/08/2001	19	8	2001	16.404	17.117
20/08/2001	20	8	2001	16.367	16.400
21/08/2001	21	8	2001	16.863	18.363
22/08/2001	22	8	2001	17.758	19.933
23/08/2001	23	8	2001	18.200	21.058
24/08/2001	24	8	2001	19.350	22.088
25/08/2001	25	8	2001	19.492	24.258
26/08/2001	26	8	2001	18.825	21.025
27/08/2001	27	8	2001	17.800	19.912
28/08/2001	28	8	2001	16.250	17.862
29/08/2001	29	8	2001	15.725	16.333
30/08/2001	30	8	2001	15.158	15.521
31/08/2001	31	8	2001	14.488	14.158
01/09/2001	1	9	2001	14.217	14.608
02/09/2001	2	9	2001	15.050	14.308
03/09/2001	3	9	2001	14.888	14.787
04/09/2001	4	9	2001	13.858	14.592
05/09/2001	5	9	2001	14.563	13.187
06/09/2001	6	9	2001	14.288	14.987
07/09/2001	7	9	2001	15.250	14.500
08/09/2001	8	9	2001	14.275	15.554
09/09/2001	9	9	2001	12.771	11.950
10/09/2001	10	9	2001	12.592	10.950
11/09/2001	11	9	2001	13.438	11.854
12/09/2001	12	9	2001	14.383	14.233
13/09/2001	13	9	2001	13.888	14.083
14/09/2001	14	9	2001	13.333	12.946
15/09/2001	15	9	2001	13.458	13.421
16/09/2001	16	9	2001	12.792	12.975
17/09/2001	17	9	2001	12.758	12.125
18/09/2001	18	9	2001	13.321	13.275
19/09/2001	19	9	2001	13.779	13.633
20/09/2001	20	9	2001	12.867	12.808
21/09/2001	21	9	2001	12.463	10.558
22/09/2001	22	9	2001	12.529	11.633
23/09/2001	23	9	2001	12.833	11.417
24/09/2001	24	9	2001	13.000	12.613
25/09/2001	25	9	2001	13.529	12.346
26/09/2001	26	9	2001	14.896	15.188
27/09/2001	27	9	2001	14.621	15.442
28/09/2001	28	9	2001	15.400	16.254
29/09/2001	29	9	2001	14.629	15.779
30/09/2001	30	9	2001	15.317	16.158
01/10/2001	1	10	2001	15.700	17.213
02/10/2001	2	10	2001	15.146	16.825
03/10/2001	3	10	2001	14.279	14.229
04/10/2001	4	10	2001	14.354	14.250
05/10/2001	5	10	2001	15.029	15.283
06/10/2001	6	10	2001	14.096	15.342
07/10/2001	7	10	2001	13.279	13.258
08/10/2001	8	10	2001	13.554	13.375
09/10/2001	9	10	2001	12.746	12.975
10/10/2001	10	10	2001	12.554	10.988
11/10/2001	11	10	2001	13.454	11.933
12/10/2001	12	10	2001	14.971	16.567
13/10/2001	13	10	2001	15.338	17.596
14/10/2001	14	10	2001	15.021	16.092
15/10/2001	15	10	2001	13.808	14.958
16/10/2001	16	10	2001	13.713	12.667
17/10/2001	17	10	2001	14.621	15.379
18/10/2001	18	10	2001	13.946	14.383
19/10/2001	19	10	2001	14.538	15.442
20/10/2001	20	10	2001	14.204	14.008
21/10/2001	21	10	2001	13.192	12.758
22/10/2001	22	10	2001	14.025	13.908
23/10/2001	23	10	2001	13.817	14.533
24/10/2001	24	10	2001	13.808	13.821
25/10/2001	25	10	2001	13.646	14.008
26/10/2001	26	10	2001	13.521	13.488
27/10/2001	27	10	2001	13.333	13.325
28/10/2001	28	10	2001	13.517	13.200
29/10/2001	29	10	2001	13.596	12.983
30/10/2001	30	10	2001	13.783	15.179
31/10/2001	31	10	2001	10.958	11.342
01/11/2001	1	11	2001	9.375	6.617
02/11/2001	2	11	2001	8.992	6.288
03/11/2001	3	11	2001	8.683	7.308
04/11/2001	4	11	2001	9.338	7.342
05/11/2001	5	11	2001	9.892	7.721
06/11/2001	6	11	2001	11.892	11.487
07/11/2001	7	11	2001	11.488	12.237
08/11/2001	8	11	2001	8.792	7.758
09/11/2001	9	11	2001	7.721	3.779
10/11/2001	10	11	2001	7.317	3.971
11/11/2001	11	11	2001	8.867	4.742
12/11/2001	12	11	2001	10.354	10.437
13/11/2001	13	11	2001	8.613	8.233
14/11/2001	14	11	2001	7.038	5.579
15/11/2001	15	11	2001	5.929	2.217
16/11/2001	16	11	2001	6.513	3.750
17/11/2001	17	11	2001	6.979	5.158
18/11/2001	18	11	2001	7.575	4.829
19/11/2001	19	11	2001	7.333	5.296
20/11/2001	20	11	2001	7.275	4.467
21/11/2001	21	11	2001	6.846	3.700
22/11/2001	22	11	2001	7.950	7.308
23/11/2001	23	11	2001	8.679	6.604
24/11/2001	24	11	2001	9.446	8.892
25/11/2001	25	11	2001	9.825	10.175
26/11/2001	26	11	2001	7.292	5.588
27/11/2001	27	11	2001	8.271	5.429
28/11/2001	28	11	2001	9.292	8.392
29/11/2001	29	11	2001	11.100	11.346
30/11/2001	30	11	2001	11.613	12.900
01/12/2001	1	12	2001	9.125	9.837
02/12/2001	2	12	2001	9.642	6.163
03/12/2001	3	12	2001	10.138	8.596
04/12/2001	4	12	2001	10.242	10.217
05/12/2001	5	12	2001	10.396	11.142
06/12/2001	6	12	2001	8.229	7.583
07/12/2001	7	12	2001	6.488	4.367
08/12/2001	8	12	2001	4.975	2.237
09/12/2001	9	12	2001	4.371	0.650
10/12/2001	10	12	2001	4.138	1.204
11/12/2001	11	12	2001	4.400	1.838
12/12/2001	12	12	2001	5.143	3.154
13/12/2001	13	12	2001	5.750	3.167
14/12/2001	14	12	2001	3.929	-0.900
15/12/2001	15	12	2001	2.192	-1.788
16/12/2001	16	12	2001	2.288	-1.246
17/12/2001	17	12	2001	2.321	-0.383
18/12/2001	18	12	2001	3.642	1.737
19/12/2001	19	12	2001	3.833	0.721
20/12/2001	20	12	2001	4.417	0.908
21/12/2001	21	12	2001	3.929	2.079
22/12/2001	22	12	2001	5.208	2.308
23/12/2001	23	12	2001	3.163	-0.746
24/12/2001	24	12	2001	3.846	3.438
25/12/2001	25	12	2001	6.233	5.742
26/12/2001	26	12	2001	5.133	2.429
27/12/2001	27	12	2001	5.658	6.325
28/12/2001	28	12	2001	7.792	9.404
29/12/2001	29	12	2001	8.608	7.812
30/12/2001	30	12	2001	5.929	1.042
31/12/2001	31	12	2001	4.967	-0.654
01/01/2002	1	1	2002	3.929	-1.554
02/01/2002	2	1	2002	3.563	-0.092
03/01/2002	3	1	2002	4.371	1.579
04/01/2002	4	1	2002	4.754	2.713
05/01/2002	5	1	2002	7.067	5.892
06/01/2002	6	1	2002	7.533	5.337
07/01/2002	7	1	2002	7.308	3.804
08/01/2002	8	1	2002	5.820	2.229
09/01/2002	9	1	2002	5.821	3.462
10/01/2002	10	1	2002	6.721	4.700
11/01/2002	11	1	2002	7.392	4.546
12/01/2002	12	1	2002	7.617	7.429
13/01/2002	13	1	2002	8.717	8.854
14/01/2002	14	1	2002	9.383	9.225
15/01/2002	15	1	2002	9.125	7.238
16/01/2002	16	1	2002	6.817	4.525
17/01/2002	17	1	2002	8.250	7.804
18/01/2002	18	1	2002	8.746	7.358
19/01/2002	19	1	2002	8.613	8.642
20/01/2002	20	1	2002	8.871	10.192
21/01/2002	21	1	2002	9.908	9.746
22/01/2002	22	1	2002	8.888	8.500
23/01/2002	23	1	2002	8.975	10.137
24/01/2002	24	1	2002	9.638	9.096
25/01/2002	25	1	2002	8.625	8.679
26/01/2002	26	1	2002	9.579	11.329
27/01/2002	27	1	2002	11.029	13.042
28/01/2002	28	1	2002	11.108	11.271
29/01/2002	29	1	2002	10.100	10.575
30/01/2002	30	1	2002	10.125	10.321
31/01/2002	31	1	2002	9.713	9.079
01/02/2002	1	2	2002	10.254	11.329
02/02/2002	2	2	2002	9.771	10.662
03/02/2002	3	2	2002	9.250	8.988
04/02/2002	4	2	2002	8.933	9.883
05/02/2002	5	2	2002	10.554	10.642
06/02/2002	6	2	2002	9.029	6.867
07/02/2002	7	2	2002	7.425	5.146
08/02/2002	8	2	2002	10.000	11.713
09/02/2002	9	2	2002	10.575	9.988
10/02/2002	10	2	2002	9.375	9.467
11/02/2002	11	2	2002	10.508	11.967
12/02/2002	12	2	2002	11.329	12.767
13/02/2002	13	2	2002	10.083	8.000
14/02/2002	14	2	2002	8.708	6.183
15/02/2002	15	2	2002	7.708	4.987
16/02/2002	16	2	2002	7.625	4.979
17/02/2002	17	2	2002	7.308	1.750
18/02/2002	18	2	2002	7.850	4.700
19/02/2002	19	2	2002	8.125	7.662
20/02/2002	20	2	2002	9.217	8.933
21/02/2002	21	2	2002	8.292	5.771
22/02/2002	22	2	2002	9.242	9.187
23/02/2002	23	2	2002	9.325	7.300
24/02/2002	24	2	2002	8.608	7.512
25/02/2002	25	2	2002	9.692	10.533
26/02/2002	26	2	2002	10.517	11.071
27/02/2002	27	2	2002	9.425	6.496
28/02/2002	28	2	2002	8.492	5.579
01/03/2002	1	3	2002	8.333	5.471
02/03/2002	2	3	2002	8.508	4.329
03/03/2002	3	3	2002	7.500	2.592
04/03/2002	4	3	2002	8.242	3.804
05/03/2002	5	3	2002	8.567	5.388
06/03/2002	6	3	2002	8.708	8.346
07/03/2002	7	3	2002	10.392	10.258
08/03/2002	8	3	2002	10.158	7.325
09/03/2002	9	3	2002	10.475	8.375
10/03/2002	10	3	2002	9.017	7.321
11/03/2002	11	3	2002	9.633	8.000
12/03/2002	12	3	2002	10.358	9.700
13/03/2002	13	3	2002	10.600	10.812
14/03/2002	14	3	2002	10.275	8.071
15/03/2002	15	3	2002	10.192	9.633
16/03/2002	16	3	2002	10.058	9.042
17/03/2002	17	3	2002	10.683	10.546
18/03/2002	18	3	2002	10.442	10.283
19/03/2002	19	3	2002	10.850	13.300
20/03/2002	20	3	2002	11.642	13.721
21/03/2002	21	3	2002	11.842	11.829
22/03/2002	22	3	2002	11.267	10.958
23/03/2002	23	3	2002	11.375	9.663
24/03/2002	24	3	2002	10.792	6.833
25/03/2002	25	3	2002	10.175	6.308
26/03/2002	26	3	2002	9.775	6.458
27/03/2002	27	3	2002	9.742	7.079
28/03/2002	28	3	2002	9.700	7.192
29/03/2002	29	3	2002	10.133	8.558
30/03/2002	30	3	2002	10.792	9.925
31/03/2002	31	3	2002	11.100	9.642
01/04/2002	1	4	2002	11.125	10.175
02/04/2002	2	4	2002	11.358	12.883
03/04/2002	3	4	2002	11.967	11.871
04/04/2002	4	4	2002	11.742	10.650
05/04/2002	5	4	2002	11.800	10.121
06/04/2002	6	4	2002	11.208	10.596
07/04/2002	7	4	2002	9.950	9.329
08/04/2002	8	4	2002	10.600	9.138
09/04/2002	9	4	2002	10.567	8.621
10/04/2002	10	4	2002	10.450	8.050
11/04/2002	11	4	2002	9.858	8.471
12/04/2002	12	4	2002	10.083	8.437
13/04/2002	13	4	2002	9.567	7.321
14/04/2002	14	4	2002	9.650	7.075
15/04/2002	15	4	2002	10.417	7.858
16/04/2002	16	4	2002	10.367	7.888
17/04/2002	17	4	2002	11.208	9.658
18/04/2002	18	4	2002	10.675	7.621
19/04/2002	19	4	2002	10.742	8.358
20/04/2002	20	4	2002	11.125	9.550
21/04/2002	21	4	2002	11.758	11.279
22/04/2002	22	4	2002	12.333	12.363
23/04/2002	23	4	2002	13.425	12.437
24/04/2002	24	4	2002	13.733	14.225
25/04/2002	25	4	2002	13.400	10.904
26/04/2002	26	4	2002	11.833	10.058
27/04/2002	27	4	2002	11.100	9.992
28/04/2002	28	4	2002	11.525	11.171
29/04/2002	29	4	2002	11.150	9.483
30/04/2002	30	4	2002	11.275	10.558
01/05/2002	1	5	2002	11.258	10.017
02/05/2002	2	5	2002	11.342	9.112
03/05/2002	3	5	2002	10.917	9.167
04/05/2002	4	5	2002	10.792	8.267
05/05/2002	5	5	2002	10.533	8.200
06/05/2002	6	5	2002	10.617	9.683
07/05/2002	7	5	2002	11.533	11.808
08/05/2002	8	5	2002	13.367	13.525
09/05/2002	9	5	2002	12.675	10.667
10/05/2002	10	5	2002	12.150	11.671
11/05/2002	11	5	2002	12.850	12.208
12/05/2002	12	5	2002	13.192	13.013
13/05/2002	13	5	2002	13.233	13.492
14/05/2002	14	5	2002	12.783	13.875
15/05/2002	15	5	2002	13.492	14.875
16/05/2002	16	5	2002	15.217	20.692
17/05/2002	17	5	2002	16.325	18.225
18/05/2002	18	5	2002	14.833	14.567
19/05/2002	19	5	2002	14.625	15.954
20/05/2002	20	5	2002	15.217	17.133
21/05/2002	21	5	2002	14.917	15.100
22/05/2002	22	5	2002	14.233	13.813
23/05/2002	23	5	2002	13.700	12.683
24/05/2002	24	5	2002	13.475	13.100
25/05/2002	25	5	2002	13.250	12.025
26/05/2002	26	5	2002	12.700	11.458
27/05/2002	27	5	2002	12.892	11.496
28/05/2002	28	5	2002	12.758	11.421
29/05/2002	29	5	2002	12.442	12.013
30/05/2002	30	5	2002	13.108	12.421
31/05/2002	31	5	2002	13.883	14.787
01/06/2002	1	6	2002	15.117	18.583
02/06/2002	2	6	2002	16.200	19.050
03/06/2002	3	6	2002	15.858	14.879
04/06/2002	4	6	2002	14.917	15.033
05/06/2002	5	6	2002	13.900	12.521
06/06/2002	6	6	2002	13.533	12.854
07/06/2002	7	6	2002	14.100	14.308
08/06/2002	8	6	2002	14.350	14.367
09/06/2002	9	6	2002	13.900	12.529
10/06/2002	10	6	2002	13.375	13.125
11/06/2002	11	6	2002	13.658	14.046
12/06/2002	12	6	2002	14.592	16.333
13/06/2002	13	6	2002	15.433	17.525
14/06/2002	14	6	2002	15.875	18.246
15/06/2002	15	6	2002	16.117	17.517
16/06/2002	16	6	2002	16.867	20.129
17/06/2002	17	6	2002	17.758	22.129
18/06/2002	18	6	2002	17.558	16.617
19/06/2002	19	6	2002	15.825	15.600
20/06/2002	20	6	2002	15.367	14.717
21/06/2002	21	6	2002	15.292	17.025
22/06/2002	22	6	2002	15.892	17.304
23/06/2002	23	6	2002	15.408	14.700
24/06/2002	24	6	2002	14.700	14.146
25/06/2002	25	6	2002	14.775	14.467
26/06/2002	26	6	2002	14.950	14.262
27/06/2002	27	6	2002	15.067	14.704
28/06/2002	28	6	2002	14.050	12.979
29/06/2002	29	6	2002	13.575	12.954
30/06/2002	30	6	2002	14.225	15.137
01/07/2002	1	7	2002	14.425	14.458
02/07/2002	2	7	2002	13.875	14.292
03/07/2002	3	7	2002	14.275	14.683
04/07/2002	4	7	2002	14.633	15.425
05/07/2002	5	7	2002	14.267	14.192
06/07/2002	6	7	2002	14.575	14.529
07/07/2002	7	7	2002	14.125	15.033
08/07/2002	8	7	2002	14.508	16.396
09/07/2002	9	7	2002	15.100	15.596
10/07/2002	10	7	2002	14.475	13.792
11/07/2002	11	7	2002	14.208	14.879
12/07/2002	12	7	2002	14.367	15.042
13/07/2002	13	7	2002	15.092	15.175
14/07/2002	14	7	2002	15.092	15.704
15/07/2002	15	7	2002	15.750	17.808
16/07/2002	16	7	2002	16.408	18.708
17/07/2002	17	7	2002	17.450	18.183
18/07/2002	18	7	2002	16.583	17.900
19/07/2002	19	7	2002	17.375	19.775
20/07/2002	20	7	2002	17.267	17.462
21/07/2002	21	7	2002	16.033	15.208
22/07/2002	22	7	2002	15.592	15.742
23/07/2002	23	7	2002	15.708	16.908
24/07/2002	24	7	2002	16.608	16.583
25/07/2002	25	7	2002	16.175	17.279
26/07/2002	26	7	2002	17.058	19.067
27/07/2002	27	7	2002	17.400	21.067
28/07/2002	28	7	2002	18.150	18.717
29/07/2002	29	7	2002	17.558	16.380
30/07/2002	30	7	2002	17.483	12.754
31/07/2002	31	7	2002	16.650	15.246
01/08/2002	1	8	2002	14.867	13.563
02/08/2002	2	8	2002	15.233	15.962
03/08/2002	3	8	2002	15.450	15.467
04/08/2002	4	8	2002	15.533	15.808
05/08/2002	5	8	2002	15.875	16.742
06/08/2002	6	8	2002	16.033	16.708
07/08/2002	7	8	2002	16.958	17.900
08/08/2002	8	8	2002	16.992	16.700
09/08/2002	9	8	2002	15.975	14.612
10/08/2002	10	8	2002	15.317	15.063
11/08/2002	11	8	2002	15.592	15.642
12/08/2002	12	8	2002	15.767	15.558
13/08/2002	13	8	2002	15.567	16.521
14/08/2002	14	8	2002	16.608	19.213
15/08/2002	15	8	2002	17.433	18.529
16/08/2002	16	8	2002	17.500	19.700
17/08/2002	17	8	2002	18.217	20.704
18/08/2002	18	8	2002	17.942	19.533
19/08/2002	19	8	2002	18.250	19.063
20/08/2002	20	8	2002	17.575	16.129
21/08/2002	21	8	2002	16.458	16.458
22/08/2002	22	8	2002	16.325	17.150
23/08/2002	23	8	2002	16.583	17.279
24/08/2002	24	8	2002	16.042	15.979
25/08/2002	25	8	2002	15.833	16.879
26/08/2002	26	8	2002	16.083	16.029
27/08/2002	27	8	2002	15.733	16.271
28/08/2002	28	8	2002	16.092	17.038
29/08/2002	29	8	2002	15.825	15.079
30/08/2002	30	8	2002	16.033	17.450
31/08/2002	31	8	2002	16.517	16.529
01/09/2002	1	9	2002	15.125	13.783
02/09/2002	2	9	2002	14.892	15.404
03/09/2002	3	9	2002	16.108	18.375
04/09/2002	4	9	2002	16.767	16.571
05/09/2002	5	9	2002	15.442	13.779
06/09/2002	6	9	2002	15.008	16.333
07/09/2002	7	9	2002	15.683	15.246
08/09/2002	8	9	2002	14.958	13.700
09/09/2002	9	9	2002	14.475	12.892
10/09/2002	10	9	2002	14.150	13.471
11/09/2002	11	9	2002	14.467	14.738
12/09/2002	12	9	2002	14.150	14.813
13/09/2002	13	9	2002	15.008	15.979
14/09/2002	14	9	2002	15.008	15.504
15/09/2002	15	9	2002	15.100	15.804
16/09/2002	16	9	2002	14.825	14.213
17/09/2002	17	9	2002	14.550	15.213
18/09/2002	18	9	2002	14.408	17.100
19/09/2002	19	9	2002	15.625	17.825
20/09/2002	20	9	2002	16.150	16.946
21/09/2002	21	9	2002	15.700	15.200
22/09/2002	22	9	2002	14.150	12.717
23/09/2002	23	9	2002	13.317	12.179
24/09/2002	24	9	2002	12.542	11.146
25/09/2002	25	9	2002	11.475	10.042
26/09/2002	26	9	2002	11.350	11.129
27/09/2002	27	9	2002	12.217	12.358
28/09/2002	28	9	2002	12.767	11.596
29/09/2002	29	9	2002	12.383	11.842
30/09/2002	30	9	2002	12.108	12.563
01/10/2002	1	10	2002	12.942	14.721
02/10/2002	2	10	2002	14.208	16.421
03/10/2002	3	10	2002	14.508	14.121
04/10/2002	4	10	2002	12.983	11.275
05/10/2002	5	10	2002	11.925	9.954
06/10/2002	6	10	2002	12.208	12.917
07/10/2002	7	10	2002	11.642	8.950
08/10/2002	8	10	2002	10.942	8.508
09/10/2002	9	10	2002	10.942	11.237
10/10/2002	10	10	2002	12.367	13.850
11/10/2002	11	10	2002	12.325	12.571
12/10/2002	12	10	2002	12.900	12.213
13/10/2002	13	10	2002	11.975	11.233
14/10/2002	14	10	2002	11.683	10.692
15/10/2002	15	10	2002	11.867	13.362
16/10/2002	16	10	2002	12.267	11.400
17/10/2002	17	10	2002	11.683	8.429
18/10/2002	18	10	2002	10.092	7.062
19/10/2002	19	10	2002	9.433	6.175
20/10/2002	20	10	2002	10.042	11.975
21/10/2002	21	10	2002	11.983	14.996
22/10/2002	22	10	2002	13.125	14.217
23/10/2002	23	10	2002	12.350	9.500
24/10/2002	24	10	2002	11.050	11.354
25/10/2002	25	10	2002	12.367	13.925
26/10/2002	26	10	2002	12.250	13.433
27/10/2002	27	10	2002	12.992	12.879
28/10/2002	28	10	2002	10.975	8.275
29/10/2002	29	10	2002	10.375	10.908
30/10/2002	30	10	2002	11.300	12.363
31/10/2002	31	10	2002	12.350	13.004
01/11/2002	1	11	2002	12.583	13.617
02/11/2002	2	11	2002	13.458	15.917
03/11/2002	3	11	2002	13.317	11.421
04/11/2002	4	11	2002	11.692	9.912
05/11/2002	5	11	2002	11.117	10.158
06/11/2002	6	11	2002	12.217	11.442
07/11/2002	7	11	2002	11.017	8.812
08/11/2002	8	11	2002	10.675	10.083
09/11/2002	9	11	2002	12.158	13.096
10/11/2002	10	11	2002	12.992	14.442
11/11/2002	11	11	2002	12.625	10.933
12/11/2002	12	11	2002	11.717	10.746
13/11/2002	13	11	2002	11.425	10.913
14/11/2002	14	11	2002	11.292	10.079
15/11/2002	15	11	2002	11.008	9.221
16/11/2002	16	11	2002	10.742	7.471
17/11/2002	17	11	2002	10.850	7.404
18/11/2002	18	11	2002	10.317	5.004
19/11/2002	19	11	2002	9.625	6.246
20/11/2002	20	11	2002	10.008	8.725
21/11/2002	21	11	2002	10.608	9.517
22/11/2002	22	11	2002	10.233	8.279
23/11/2002	23	11	2002	9.992	8.171
24/11/2002	24	11	2002	9.467	6.258
25/11/2002	25	11	2002	8.817	4.729
26/11/2002	26	11	2002	8.958	5.054
27/11/2002	27	11	2002	9.250	8.204
28/11/2002	28	11	2002	10.358	9.971
29/11/2002	29	11	2002	9.858	7.167
30/11/2002	30	11	2002	8.900	6.883
01/12/2002	1	12	2002	10.458	9.971
02/12/2002	2	12	2002	9.200	7.379
03/12/2002	3	12	2002	9.200	6.829
04/12/2002	4	12	2002	10.017	7.242
05/12/2002	5	12	2002	9.142	7.083
06/12/2002	6	12	2002	9.867	6.500
07/12/2002	7	12	2002	8.983	2.471
08/12/2002	8	12	2002	8.458	2.467
09/12/2002	9	12	2002	8.258	1.675
10/12/2002	10	12	2002	7.158	1.963
11/12/2002	11	12	2002	8.042	5.100
12/12/2002	12	12	2002	8.875	6.529
13/12/2002	13	12	2002	9.558	7.346
14/12/2002	14	12	2002	9.667	8.171
15/12/2002	15	12	2002	9.725	8.675
16/12/2002	16	12	2002	9.408	7.262
17/12/2002	17	12	2002	9.433	5.592
18/12/2002	18	12	2002	7.625	2.887
19/12/2002	19	12	2002	6.933	1.842
20/12/2002	20	12	2002	8.442	7.837
21/12/2002	21	12	2002	10.383	11.488
22/12/2002	22	12	2002	10.983	12.637
23/12/2002	23	12	2002	11.092	11.971
24/12/2002	24	12	2002	11.167	11.758
25/12/2002	25	12	2002	10.933	10.625
26/12/2002	26	12	2002	11.333	12.263
27/12/2002	27	12	2002	11.333	10.704
28/12/2002	28	12	2002	10.833	9.475
29/12/2002	29	12	2002	10.875	11.858
30/12/2002	30	12	2002	11.625	11.604
31/12/2002	31	12	2002	10.675	8.808
